 0.15652476E-02  0.49998775E+00  0.49998775E+00  0.11102230E-15
 0.31304952E-02  0.49995100E+00  0.49995100E+00  0.11102230E-15
 0.46957428E-02  0.49988975E+00  0.49988975E+00  0.11102230E-15
 0.62609903E-02  0.49980400E+00  0.49980400E+00  0.11102230E-15
 0.78262379E-02  0.49969375E+00  0.49969375E+00  0.55511151E-16
 0.93914855E-02  0.49955900E+00  0.49955900E+00  0.55511151E-16
 0.10956733E-01  0.49939975E+00  0.49939975E+00  0.11102230E-15
 0.12521981E-01  0.49921600E+00  0.49921600E+00  0.11102230E-15
 0.14087228E-01  0.49900775E+00  0.49900775E+00  0.11102230E-15
 0.15652476E-01  0.49877500E+00  0.49877500E+00  0.11102230E-15
 0.17217723E-01  0.49851775E+00  0.49851775E+00  0.11102230E-15
 0.18782971E-01  0.49823600E+00  0.49823600E+00  0.11102230E-15
 0.20348219E-01  0.49792975E+00  0.49792975E+00  0.11102230E-15
 0.21913466E-01  0.49759900E+00  0.49759900E+00  0.11102230E-15
 0.23478714E-01  0.49724375E+00  0.49724375E+00  0.55511151E-16
 0.25043961E-01  0.49686400E+00  0.49686400E+00  0.55511151E-16
 0.26609209E-01  0.49645975E+00  0.49645975E+00  0.55511151E-16
 0.28174457E-01  0.49603100E+00  0.49603100E+00  0.55511151E-16
 0.29739704E-01  0.49557775E+00  0.49557775E+00  0.11102230E-15
 0.31304952E-01  0.49510000E+00  0.49510000E+00  0.11102230E-15
 0.32870199E-01  0.49459775E+00  0.49459775E+00  0.11102230E-15
 0.34435447E-01  0.49407100E+00  0.49407100E+00  0.11102230E-15
 0.36000694E-01  0.49351975E+00  0.49351975E+00  0.11102230E-15
 0.37565942E-01  0.49294400E+00  0.49294400E+00  0.11102230E-15
 0.39131190E-01  0.49234375E+00  0.49234375E+00  0.11102230E-15
 0.40696437E-01  0.49171900E+00  0.49171900E+00  0.11102230E-15
 0.42261685E-01  0.49106975E+00  0.49106975E+00  0.55511151E-16
 0.43826932E-01  0.49039600E+00  0.49039600E+00  0.55511151E-16
 0.45392180E-01  0.48969775E+00  0.48969775E+00  0.11102230E-15
 0.46957428E-01  0.48897500E+00  0.48897500E+00  0.11102230E-15
 0.48522675E-01  0.48822775E+00  0.48822775E+00  0.11102230E-15
 0.50087923E-01  0.48745600E+00  0.48745600E+00  0.11102230E-15
 0.51653170E-01  0.48665975E+00  0.48665975E+00  0.11102230E-15
 0.53218418E-01  0.48583900E+00  0.48583900E+00  0.11102230E-15
 0.54783665E-01  0.48499375E+00  0.48499375E+00  0.16653345E-15
 0.56348913E-01  0.48412400E+00  0.48412400E+00  0.11102230E-15
 0.57914161E-01  0.48322975E+00  0.48322975E+00  0.11102230E-15
 0.59479408E-01  0.48231100E+00  0.48231100E+00  0.55511151E-16
 0.61044656E-01  0.48136775E+00  0.48136775E+00  0.55511151E-16
 0.62609903E-01  0.48040000E+00  0.48040000E+00  0.11102230E-15
 0.64175151E-01  0.47940775E+00  0.47940775E+00  0.16653345E-15
 0.65740399E-01  0.47839100E+00  0.47839100E+00  0.16653345E-15
 0.67305646E-01  0.47734975E+00  0.47734975E+00  0.11102230E-15
 0.68870894E-01  0.47628400E+00  0.47628400E+00  0.11102230E-15
 0.70436141E-01  0.47519375E+00  0.47519375E+00  0.11102230E-15
 0.72001389E-01  0.47407900E+00  0.47407900E+00  0.16653345E-15
 0.73566636E-01  0.47293975E+00  0.47293975E+00  0.16653345E-15
 0.75131884E-01  0.47177600E+00  0.47177600E+00  0.11102230E-15
 0.76697132E-01  0.47058775E+00  0.47058775E+00  0.11102230E-15
 0.78262379E-01  0.46937500E+00  0.46937500E+00  0.11102230E-15
 0.79827627E-01  0.46813775E+00  0.46813775E+00  0.11102230E-15
 0.81392874E-01  0.46687600E+00  0.46687600E+00  0.16653345E-15
 0.82958122E-01  0.46558975E+00  0.46558975E+00  0.16653345E-15
 0.84523370E-01  0.46427900E+00  0.46427900E+00  0.11102230E-15
 0.86088617E-01  0.46294375E+00  0.46294375E+00  0.11102230E-15
 0.87653865E-01  0.46158400E+00  0.46158400E+00  0.55511151E-16
 0.89219112E-01  0.46019975E+00  0.46019975E+00  0.55511151E-16
 0.90784360E-01  0.45879100E+00  0.45879100E+00  0.55511151E-16
 0.92349607E-01  0.45735775E+00  0.45735775E+00  0.00000000E+00
 0.93914855E-01  0.45590000E+00  0.45590000E+00  0.00000000E+00
 0.95480103E-01  0.45441775E+00  0.45441775E+00  0.00000000E+00
 0.97045350E-01  0.45291100E+00  0.45291100E+00  0.55511151E-16
 0.98610598E-01  0.45137975E+00  0.45137975E+00  0.55511151E-16
 0.10017585E+00  0.44982400E+00  0.44982400E+00  0.55511151E-16
 0.10174109E+00  0.44824375E+00  0.44824375E+00  0.55511151E-16
 0.10330634E+00  0.44663900E+00  0.44663900E+00  0.55511151E-16
 0.10487159E+00  0.44500975E+00  0.44500975E+00  0.55511151E-16
 0.10643684E+00  0.44335600E+00  0.44335600E+00  0.55511151E-16
 0.10800208E+00  0.44167775E+00  0.44167775E+00  0.55511151E-16
 0.10956733E+00  0.43997500E+00  0.43997500E+00  0.55511151E-16
 0.11113258E+00  0.43824775E+00  0.43824775E+00  0.00000000E+00
 0.11269783E+00  0.43649600E+00  0.43649600E+00  0.00000000E+00
 0.11426307E+00  0.43471975E+00  0.43471975E+00  0.55511151E-16
 0.11582832E+00  0.43291900E+00  0.43291900E+00  0.55511151E-16
 0.11739357E+00  0.43109375E+00  0.43109375E+00  0.11102230E-15
 0.11895882E+00  0.42924400E+00  0.42924400E+00  0.55511151E-16
 0.12052406E+00  0.42736975E+00  0.42736975E+00  0.55511151E-16
 0.12208931E+00  0.42547100E+00  0.42547100E+00  0.55511151E-16
 0.12365456E+00  0.42354775E+00  0.42354775E+00  0.11102230E-15
 0.12521981E+00  0.42160000E+00  0.42160000E+00  0.55511151E-16
 0.12678505E+00  0.41962775E+00  0.41962775E+00  0.55511151E-16
 0.12835030E+00  0.41763100E+00  0.41763100E+00  0.00000000E+00
 0.12991555E+00  0.41560975E+00  0.41560975E+00  0.00000000E+00
 0.13148080E+00  0.41356400E+00  0.41356400E+00  0.55511151E-16
 0.13304604E+00  0.41149375E+00  0.41149375E+00  0.11102230E-15
 0.13461129E+00  0.40939900E+00  0.40939900E+00  0.11102230E-15
 0.13617654E+00  0.40727975E+00  0.40727975E+00  0.55511151E-16
 0.13774179E+00  0.40513600E+00  0.40513600E+00  0.55511151E-16
 0.13930704E+00  0.40296775E+00  0.40296775E+00  0.55511151E-16
 0.14087228E+00  0.40077500E+00  0.40077500E+00  0.11102230E-15
 0.14243753E+00  0.39855775E+00  0.39855775E+00  0.11102230E-15
 0.14400278E+00  0.39631600E+00  0.39631600E+00  0.55511151E-16
 0.14556803E+00  0.39404975E+00  0.39404975E+00  0.55511151E-16
 0.14713327E+00  0.39175900E+00  0.39175900E+00  0.55511151E-16
 0.14869852E+00  0.38944375E+00  0.38944375E+00  0.55511151E-16
 0.15026377E+00  0.38710400E+00  0.38710400E+00  0.11102230E-15
 0.15182902E+00  0.38473975E+00  0.38473975E+00  0.11102230E-15
 0.15339426E+00  0.38235100E+00  0.38235100E+00  0.55511151E-16
 0.15495951E+00  0.37993775E+00  0.37993775E+00  0.55511151E-16
 0.15652476E+00  0.37750000E+00  0.37750000E+00  0.55511151E-16
 0.15809001E+00  0.37503775E+00  0.37503775E+00  0.11102230E-15
 0.15965525E+00  0.37255100E+00  0.37255100E+00  0.11102230E-15
 0.16122050E+00  0.37003975E+00  0.37003975E+00  0.55511151E-16
 0.16278575E+00  0.36750400E+00  0.36750400E+00  0.55511151E-16
 0.16435100E+00  0.36494375E+00  0.36494375E+00  0.55511151E-16
 0.16591624E+00  0.36235900E+00  0.36235900E+00  0.55511151E-16
 0.16748149E+00  0.35974975E+00  0.35974975E+00  0.11102230E-15
 0.16904674E+00  0.35711600E+00  0.35711600E+00  0.11102230E-15
 0.17061199E+00  0.35445775E+00  0.35445775E+00  0.55511151E-16
 0.17217723E+00  0.35177500E+00  0.35177500E+00  0.55511151E-16
 0.17374248E+00  0.34906775E+00  0.34906775E+00  0.55511151E-16
 0.17530773E+00  0.34633600E+00  0.34633600E+00  0.11102230E-15
 0.17687298E+00  0.34357975E+00  0.34357975E+00  0.11102230E-15
 0.17843822E+00  0.34079900E+00  0.34079900E+00  0.55511151E-16
 0.18000347E+00  0.33799375E+00  0.33799375E+00  0.55511151E-16
 0.18156872E+00  0.33516400E+00  0.33516400E+00  0.55511151E-16
 0.18313397E+00  0.33230975E+00  0.33230975E+00  0.55511151E-16
 0.18469921E+00  0.32943100E+00  0.32943100E+00  0.55511151E-16
 0.18626446E+00  0.32652775E+00  0.32652775E+00  0.00000000E+00
 0.18782971E+00  0.32360000E+00  0.32360000E+00  0.16653345E-15
 0.18939496E+00  0.32064775E+00  0.32064775E+00  0.16653345E-15
 0.19096021E+00  0.31767100E+00  0.31767100E+00  0.16653345E-15
 0.19252545E+00  0.31466975E+00  0.31466975E+00  0.22204460E-15
 0.19409070E+00  0.31164400E+00  0.31164400E+00  0.22204460E-15
 0.19565595E+00  0.30859375E+00  0.30859375E+00  0.16653345E-15
 0.19722120E+00  0.30551900E+00  0.30551900E+00  0.16653345E-15
 0.19878644E+00  0.30241975E+00  0.30241975E+00  0.16653345E-15
 0.20035169E+00  0.29929600E+00  0.29929600E+00  0.16653345E-15
 0.20191694E+00  0.29614775E+00  0.29614775E+00  0.16653345E-15
 0.20348219E+00  0.29297500E+00  0.29297500E+00  0.11102230E-15
 0.20504743E+00  0.28977775E+00  0.28977775E+00  0.55511151E-16
 0.20661268E+00  0.28655600E+00  0.28655600E+00  0.55511151E-16
 0.20817793E+00  0.28330975E+00  0.28330975E+00  0.11102230E-15
 0.20974318E+00  0.28003900E+00  0.28003900E+00  0.11102230E-15
 0.21130842E+00  0.27674375E+00  0.27674375E+00  0.11102230E-15
 0.21287367E+00  0.27342400E+00  0.27342400E+00  0.55511151E-16
 0.21443892E+00  0.27007975E+00  0.27007975E+00  0.55511151E-16
 0.21600417E+00  0.26671100E+00  0.26671100E+00  0.55511151E-16
 0.21756941E+00  0.26331775E+00  0.26331775E+00  0.11102230E-15
 0.21913466E+00  0.25990000E+00  0.25990000E+00  0.11102230E-15
 0.22069991E+00  0.25645775E+00  0.25645775E+00  0.00000000E+00
 0.22226516E+00  0.25299100E+00  0.25299100E+00  0.00000000E+00
 0.22383040E+00  0.24949975E+00  0.24949975E+00  0.00000000E+00
 0.22539565E+00  0.24598400E+00  0.24598400E+00  0.00000000E+00
 0.22696090E+00  0.24244375E+00  0.24244375E+00  0.00000000E+00
 0.22852615E+00  0.23887900E+00  0.23887900E+00  0.00000000E+00
 0.23009139E+00  0.23528975E+00  0.23528975E+00  0.00000000E+00
 0.23165664E+00  0.23167600E+00  0.23167600E+00  0.27755576E-16
 0.23322189E+00  0.22803775E+00  0.22803775E+00  0.27755576E-16
 0.23478714E+00  0.22437500E+00  0.22437500E+00  0.27755576E-16
 0.23635239E+00  0.22068775E+00  0.22068775E+00  0.55511151E-16
 0.23791763E+00  0.21697600E+00  0.21697600E+00  0.27755576E-16
 0.23948288E+00  0.21323975E+00  0.21323975E+00  0.27755576E-16
 0.24104813E+00  0.20947900E+00  0.20947900E+00  0.55511151E-16
 0.24261338E+00  0.20569375E+00  0.20569375E+00  0.27755576E-16
 0.24417862E+00  0.20188400E+00  0.20188400E+00  0.27755576E-16
 0.24574387E+00  0.19804975E+00  0.19804975E+00  0.27755576E-16
 0.24730912E+00  0.19419100E+00  0.19419100E+00  0.27755576E-16
 0.24887437E+00  0.19030775E+00  0.19030775E+00  0.55511151E-16
 0.25043961E+00  0.18640000E+00  0.18640000E+00  0.55511151E-16
 0.25200486E+00  0.18246775E+00  0.18246775E+00  0.55511151E-16
 0.25357011E+00  0.17851100E+00  0.17851100E+00  0.83266727E-16
 0.25513536E+00  0.17452975E+00  0.17452975E+00  0.55511151E-16
 0.25670060E+00  0.17052400E+00  0.17052400E+00  0.55511151E-16
 0.25826585E+00  0.16649375E+00  0.16649375E+00  0.83266727E-16
 0.25983110E+00  0.16243900E+00  0.16243900E+00  0.55511151E-16
 0.26139635E+00  0.15835975E+00  0.15835975E+00  0.55511151E-16
 0.26296159E+00  0.15425600E+00  0.15425600E+00  0.55511151E-16
 0.26452684E+00  0.15012775E+00  0.15012775E+00  0.55511151E-16
 0.26609209E+00  0.14597500E+00  0.14597500E+00  0.83266727E-16
 0.26765734E+00  0.14179775E+00  0.14179775E+00  0.83266727E-16
 0.26922258E+00  0.13759600E+00  0.13759600E+00  0.83266727E-16
 0.27078783E+00  0.13336975E+00  0.13336975E+00  0.83266727E-16
 0.27235308E+00  0.12911900E+00  0.12911900E+00  0.83266727E-16
 0.27391833E+00  0.12484375E+00  0.12484375E+00  0.97144515E-16
 0.27548357E+00  0.12054400E+00  0.12054400E+00  0.97144515E-16
 0.27704882E+00  0.11621975E+00  0.11621975E+00  0.97144515E-16
 0.27861407E+00  0.11187100E+00  0.11187100E+00  0.11102230E-15
 0.28017932E+00  0.10749775E+00  0.10749775E+00  0.11102230E-15
 0.28174457E+00  0.10310000E+00  0.10310000E+00  0.11102230E-15
 0.28330981E+00  0.98677750E-01  0.98677750E-01  0.11102230E-15
 0.28487506E+00  0.94231000E-01  0.94231000E-01  0.12490009E-15
 0.28644031E+00  0.89759750E-01  0.89759750E-01  0.12490009E-15
 0.28800556E+00  0.85264000E-01  0.85264000E-01  0.12490009E-15
 0.28957080E+00  0.80743750E-01  0.80743750E-01  0.13877788E-15
 0.29113605E+00  0.76199000E-01  0.76199000E-01  0.15265567E-15
 0.29270130E+00  0.71629750E-01  0.71629750E-01  0.16653345E-15
 0.29426655E+00  0.67036000E-01  0.67036000E-01  0.15265567E-15
 0.29583179E+00  0.62417750E-01  0.62417750E-01  0.15959456E-15
 0.29739704E+00  0.57775000E-01  0.57775000E-01  0.16653345E-15
 0.29896229E+00  0.53107750E-01  0.53107750E-01  0.16653345E-15
 0.30052754E+00  0.48416000E-01  0.48416000E-01  0.17347235E-15
 0.30209278E+00  0.43699750E-01  0.43699750E-01  0.17347235E-15
 0.30365803E+00  0.38959000E-01  0.38959000E-01  0.18041124E-15
 0.30522328E+00  0.34193750E-01  0.34193750E-01  0.18735014E-15
 0.30678853E+00  0.29404000E-01  0.29404000E-01  0.18735014E-15
 0.30835377E+00  0.24589750E-01  0.24589750E-01  0.19428903E-15
 0.30991902E+00  0.19751000E-01  0.19751000E-01  0.19775848E-15
 0.31148427E+00  0.14887750E-01  0.14887750E-01  0.20122792E-15
 0.31304952E+00  0.99999998E-02  0.99999998E-02  0.17225804E-14
