 0.10000000E-01  0.51050138E+00  0.49951000E+00 -0.89972297E+00 -0.98000005E-01
 0.20000001E-01  0.50150415E+00  0.49804000E+00 -0.89972297E+00 -0.19600001E+00
 0.30000001E-01  0.49250692E+00  0.49559000E+00 -0.89972297E+00 -0.29400001E+00
 0.40000001E-01  0.48350969E+00  0.49216000E+00 -0.89972297E+00 -0.39200002E+00
 0.50000001E-01  0.47451246E+00  0.48775000E+00 -0.89972297E+00 -0.49000002E+00
 0.60000002E-01  0.46551523E+00  0.48236000E+00 -0.89972297E+00 -0.58800003E+00
 0.70000002E-01  0.45651800E+00  0.47599000E+00 -0.89972297E+00 -0.68600003E+00
 0.80000002E-01  0.44752077E+00  0.46864000E+00 -0.89972297E+00 -0.78400004E+00
 0.90000003E-01  0.43852354E+00  0.46031000E+00 -0.89972297E+00 -0.88200004E+00
 0.10000000E+00  0.42952631E+00  0.45100000E+00 -0.89972297E+00 -0.98000005E+00
