0.14142136E-02 0.55511151E-16
0.28284271E-02 0.00000000E+00
0.42426407E-02 0.00000000E+00
0.56568542E-02 0.55511151E-16
0.70710678E-02 0.55511151E-16
0.84852814E-02 0.55511151E-16
0.98994949E-02 0.55511151E-16
0.11313708E-01 0.00000000E+00
0.12727922E-01 0.00000000E+00
0.14142136E-01 0.55511151E-16
0.15556349E-01 0.55511151E-16
0.16970563E-01 0.55511151E-16
0.18384776E-01 0.55511151E-16
0.19798990E-01 0.00000000E+00
0.21213203E-01 0.55511151E-16
0.22627417E-01 0.11102230E-15
0.24041631E-01 0.11102230E-15
0.25455844E-01 0.11102230E-15
0.26870058E-01 0.55511151E-16
0.28284271E-01 0.00000000E+00
0.29698485E-01 0.55511151E-16
0.31112698E-01 0.11102230E-15
0.32526912E-01 0.55511151E-16
0.33941125E-01 0.55511151E-16
0.35355339E-01 0.55511151E-16
0.36769553E-01 0.11102230E-15
0.38183766E-01 0.16653345E-15
0.39597980E-01 0.11102230E-15
0.41012193E-01 0.11102230E-15
0.42426407E-01 0.11102230E-15
0.43840620E-01 0.11102230E-15
0.45254834E-01 0.11102230E-15
0.46669048E-01 0.11102230E-15
0.48083261E-01 0.11102230E-15
0.49497475E-01 0.11102230E-15
0.50911688E-01 0.11102230E-15
0.52325902E-01 0.11102230E-15
0.53740115E-01 0.11102230E-15
0.55154329E-01 0.11102230E-15
0.56568542E-01 0.11102230E-15
0.57982756E-01 0.00000000E+00
0.59396970E-01 0.55511151E-16
0.60811183E-01 0.11102230E-15
0.62225397E-01 0.11102230E-15
0.63639610E-01 0.11102230E-15
0.65053824E-01 0.16653345E-15
0.66468037E-01 0.55511151E-16
0.67882251E-01 0.55511151E-16
0.69296465E-01 0.00000000E+00
0.70710678E-01 0.55511151E-16
0.72124892E-01 0.55511151E-16
0.73539105E-01 0.55511151E-16
0.74953319E-01 0.55511151E-16
0.76367532E-01 0.11102230E-15
0.77781746E-01 0.55511151E-16
0.79195959E-01 0.11102230E-15
0.80610173E-01 0.00000000E+00
0.82024387E-01 0.00000000E+00
0.83438600E-01 0.55511151E-16
0.84852814E-01 0.55511151E-16
0.86267027E-01 0.55511151E-16
0.87681241E-01 0.55511151E-16
0.89095454E-01 0.55511151E-16
0.90509668E-01 0.00000000E+00
0.91923882E-01 0.55511151E-16
0.93338095E-01 0.00000000E+00
0.94752309E-01 0.00000000E+00
0.96166522E-01 0.00000000E+00
0.97580736E-01 0.55511151E-16
0.98994949E-01 0.00000000E+00
0.10040916E+00 0.55511151E-16
0.10182338E+00 0.00000000E+00
0.10323759E+00 0.11102230E-15
0.10465180E+00 0.11102230E-15
0.10606602E+00 0.11102230E-15
0.10748023E+00 0.00000000E+00
0.10889444E+00 0.00000000E+00
0.11030866E+00 0.55511151E-16
0.11172287E+00 0.55511151E-16
0.11313708E+00 0.55511151E-16
0.11455130E+00 0.16653345E-15
0.11596551E+00 0.55511151E-16
0.11737973E+00 0.11102230E-15
0.11879394E+00 0.55511151E-16
0.12020815E+00 0.11102230E-15
0.12162237E+00 0.00000000E+00
0.12303658E+00 0.00000000E+00
0.12445079E+00 0.11102230E-15
0.12586501E+00 0.11102230E-15
0.12727922E+00 0.11102230E-15
0.12869343E+00 0.16653345E-15
0.13010765E+00 0.11102230E-15
0.13152186E+00 0.11102230E-15
0.13293607E+00 0.00000000E+00
0.13435029E+00 0.22204460E-15
0.13576450E+00 0.00000000E+00
0.13717872E+00 0.27755576E-15
0.13859293E+00 0.22204460E-15
0.14000714E+00 0.22204460E-15
0.14142136E+00 0.16653345E-15
0.14283557E+00 0.22204460E-15
0.14424978E+00 0.16653345E-15
0.14566400E+00 0.22204460E-15
0.14707821E+00 0.27755576E-15
0.14849242E+00 0.33306691E-15
0.14990664E+00 0.22204460E-15
0.15132085E+00 0.33306691E-15
0.15273506E+00 0.27755576E-15
0.15414928E+00 0.33306691E-15
0.15556349E+00 0.22204460E-15
0.15697771E+00 0.44408921E-15
0.15839192E+00 0.22204460E-15
0.15980613E+00 0.49960036E-15
0.16122035E+00 0.38857806E-15
0.16263456E+00 0.44408921E-15
0.16404877E+00 0.33306691E-15
0.16546299E+00 0.38857806E-15
0.16687720E+00 0.33306691E-15
0.16829141E+00 0.38857806E-15
0.16970563E+00 0.55511151E-15
0.17111984E+00 0.55511151E-15
0.17253405E+00 0.44408921E-15
0.17394827E+00 0.49960036E-15
0.17536248E+00 0.44408921E-15
0.17677670E+00 0.55511151E-15
0.17819091E+00 0.38857806E-15
0.17960512E+00 0.66613381E-15
0.18101934E+00 0.38857806E-15
0.18243355E+00 0.66613381E-15
0.18384776E+00 0.61062266E-15
0.18526198E+00 0.66613381E-15
0.18667619E+00 0.55511151E-15
0.18809040E+00 0.61062266E-15
0.18950462E+00 0.49960036E-15
0.19091883E+00 0.61062266E-15
0.19233304E+00 0.77715612E-15
0.19374726E+00 0.83266727E-15
0.19516147E+00 0.72164497E-15
0.19657569E+00 0.77715612E-15
0.19798990E+00 0.72164497E-15
0.19940411E+00 0.83266727E-15
0.20081833E+00 0.72164497E-15
0.20223254E+00 0.94368957E-15
0.20364675E+00 0.66613381E-15
0.20506097E+00 0.94368957E-15
0.20647518E+00 0.88817842E-15
0.20788939E+00 0.99920072E-15
0.20930361E+00 0.94368957E-15
0.21071782E+00 0.99920072E-15
0.21213203E+00 0.83266727E-15
0.21354625E+00 0.94368957E-15
0.21496046E+00 0.11102230E-14
0.21637468E+00 0.11657342E-14
0.21778889E+00 0.99920072E-15
0.21920310E+00 0.11102230E-14
0.22061732E+00 0.99920072E-15
0.22203153E+00 0.11102230E-14
0.22344574E+00 0.10547119E-14
0.22485996E+00 0.13600232E-14
0.22627417E+00 0.10269563E-14
0.22768838E+00 0.13322676E-14
0.22910260E+00 0.12490009E-14
0.23051681E+00 0.13322676E-14
0.23193102E+00 0.12212453E-14
0.23334524E+00 0.13322676E-14
0.23475945E+00 0.12212453E-14
0.23617366E+00 0.13045121E-14
0.23758788E+00 0.14710455E-14
0.23900209E+00 0.15543122E-14
0.24041631E+00 0.14432899E-14
0.24183052E+00 0.15543122E-14
0.24324473E+00 0.14155344E-14
0.24465895E+00 0.15265567E-14
0.24607316E+00 0.14155344E-14
0.24748737E+00 0.17486013E-14
0.24890159E+00 0.13877788E-14
0.25031580E+00 0.15265567E-14
0.25173001E+00 0.16375790E-14
0.25314423E+00 0.17486013E-14
0.25455844E+00 0.16375790E-14
0.25597265E+00 0.15265567E-14
0.25738687E+00 0.16653345E-14
0.25880108E+00 0.17486013E-14
0.26021530E+00 0.18873791E-14
0.26162951E+00 0.15265567E-14
0.26304372E+00 0.18596236E-14
0.26445794E+00 0.19984014E-14
0.26587215E+00 0.18596236E-14
0.26728636E+00 0.17486013E-14
0.26870058E+00 0.18596236E-14
0.27011479E+00 0.22204460E-14
0.27152900E+00 0.18596236E-14
0.27294322E+00 0.19984014E-14
0.27435743E+00 0.21233015E-14
0.27577164E+00 0.22482016E-14
0.27718586E+00 0.21233015E-14
0.27860007E+00 0.19984014E-14
0.28001429E+00 0.21233015E-14
0.28142850E+00 0.22482016E-14
0.28284271E+00 0.29802306E-08
0.28425693E+00 0.39939190E-02
0.28567114E+00 0.39817510E-02
0.28708535E+00 0.39695830E-02
0.28849957E+00 0.39574150E-02
0.28991378E+00 0.39452470E-02
0.29132799E+00 0.39330791E-02
0.29274221E+00 0.39209111E-02
0.29415642E+00 0.39087431E-02
0.29557063E+00 0.38965751E-02
0.29698485E+00 0.38844071E-02
0.29839906E+00 0.38722392E-02
0.29981328E+00 0.38600712E-02
0.30122749E+00 0.38479032E-02
0.30264170E+00 0.38357352E-02
0.30405592E+00 0.38235672E-02
0.30547013E+00 0.38113992E-02
0.30688434E+00 0.37992313E-02
0.30829856E+00 0.37870633E-02
0.30971277E+00 0.37748953E-02
0.31112698E+00 0.37627273E-02
0.31254120E+00 0.37505593E-02
0.31395541E+00 0.37383913E-02
0.31536962E+00 0.37262234E-02
0.31678384E+00 0.37140554E-02
0.31819805E+00 0.37018874E-02
0.31961227E+00 0.36897194E-02
0.32102648E+00 0.36775514E-02
0.32244069E+00 0.36653834E-02
0.32385491E+00 0.36532155E-02
0.32526912E+00 0.36410475E-02
0.32668333E+00 0.36288795E-02
0.32809755E+00 0.36167115E-02
0.32951176E+00 0.36045435E-02
0.33092597E+00 0.35923755E-02
0.33234019E+00 0.35802076E-02
0.33375440E+00 0.35680396E-02
0.33516861E+00 0.35558716E-02
0.33658283E+00 0.35437036E-02
0.33799704E+00 0.35315356E-02
0.33941125E+00 0.35193676E-02
0.34082547E+00 0.35071997E-02
0.34223968E+00 0.34950317E-02
0.34365390E+00 0.34828637E-02
0.34506811E+00 0.34706957E-02
0.34648232E+00 0.34585277E-02
0.34789654E+00 0.34463597E-02
0.34931075E+00 0.34341918E-02
0.35072496E+00 0.34220238E-02
0.35213918E+00 0.34098558E-02
0.35355339E+00 0.33976878E-02
0.35496760E+00 0.33855198E-02
0.35638182E+00 0.33733518E-02
0.35779603E+00 0.33611839E-02
0.35921024E+00 0.33490159E-02
0.36062446E+00 0.33368479E-02
0.36203867E+00 0.33246799E-02
0.36345289E+00 0.33125119E-02
0.36486710E+00 0.33003440E-02
0.36628131E+00 0.32881760E-02
0.36769553E+00 0.32760080E-02
0.36910974E+00 0.32638400E-02
0.37052395E+00 0.32516720E-02
0.37193817E+00 0.32395040E-02
0.37335238E+00 0.32273361E-02
0.37476659E+00 0.32151681E-02
0.37618081E+00 0.32030001E-02
0.37759502E+00 0.31908321E-02
0.37900923E+00 0.31786641E-02
0.38042345E+00 0.31664961E-02
0.38183766E+00 0.31543282E-02
0.38325188E+00 0.31421602E-02
0.38466609E+00 0.31299922E-02
0.38608030E+00 0.31178242E-02
0.38749452E+00 0.31056562E-02
0.38890873E+00 0.30934882E-02
0.39032294E+00 0.30813203E-02
0.39173716E+00 0.30691523E-02
0.39315137E+00 0.30569843E-02
0.39456558E+00 0.30448163E-02
0.39597980E+00 0.30326483E-02
0.39739401E+00 0.30204803E-02
0.39880822E+00 0.30083124E-02
0.40022244E+00 0.29961444E-02
0.40163665E+00 0.29839764E-02
0.40305087E+00 0.29718084E-02
0.40446508E+00 0.29596404E-02
0.40587929E+00 0.29474724E-02
0.40729351E+00 0.29353045E-02
0.40870772E+00 0.29231365E-02
0.41012193E+00 0.29109685E-02
0.41153615E+00 0.28988005E-02
0.41295036E+00 0.28866325E-02
0.41436457E+00 0.28744645E-02
0.41577879E+00 0.28622966E-02
0.41719300E+00 0.28501286E-02
0.41860721E+00 0.28379606E-02
0.42002143E+00 0.28257926E-02
0.42143564E+00 0.28136246E-02
0.42284986E+00 0.28014566E-02
0.42426407E+00 0.27892887E-02
0.42567828E+00 0.27771207E-02
0.42709250E+00 0.27649527E-02
0.42850671E+00 0.27527847E-02
0.42992092E+00 0.27406167E-02
0.43133514E+00 0.27284487E-02
0.43274935E+00 0.27162808E-02
0.43416356E+00 0.27041128E-02
0.43557778E+00 0.26919448E-02
0.43699199E+00 0.26797768E-02
0.43840620E+00 0.26676088E-02
0.43982042E+00 0.26554409E-02
0.44123463E+00 0.26432729E-02
0.44264885E+00 0.26311049E-02
0.44406306E+00 0.26189369E-02
0.44547727E+00 0.26067689E-02
0.44689149E+00 0.25946009E-02
0.44830570E+00 0.25824330E-02
0.44971991E+00 0.25702650E-02
0.45113413E+00 0.25580970E-02
0.45254834E+00 0.25459290E-02
0.45396255E+00 0.25337610E-02
0.45537677E+00 0.25215930E-02
0.45679098E+00 0.25094251E-02
0.45820519E+00 0.24972571E-02
0.45961941E+00 0.24850891E-02
0.46103362E+00 0.24729211E-02
0.46244783E+00 0.24607531E-02
0.46386205E+00 0.24485851E-02
0.46527626E+00 0.24364172E-02
0.46669048E+00 0.24242492E-02
0.46810469E+00 0.24120812E-02
0.46951890E+00 0.23999132E-02
0.47093312E+00 0.23877452E-02
0.47234733E+00 0.23755772E-02
0.47376154E+00 0.23634093E-02
0.47517576E+00 0.23512413E-02
0.47658997E+00 0.23390733E-02
0.47800418E+00 0.23269053E-02
0.47941840E+00 0.23147373E-02
0.48083261E+00 0.23025693E-02
0.48224682E+00 0.22904014E-02
0.48366104E+00 0.22782334E-02
0.48507525E+00 0.22660654E-02
0.48648947E+00 0.22538974E-02
0.48790368E+00 0.22417294E-02
0.48931789E+00 0.22295614E-02
0.49073211E+00 0.22173935E-02
0.49214632E+00 0.22052255E-02
0.49356053E+00 0.21930575E-02
0.49497475E+00 0.21808895E-02
0.49638896E+00 0.21687215E-02
0.49780317E+00 0.21565535E-02
0.49921739E+00 0.21443856E-02
0.50063160E+00 0.21322176E-02
