 ZONE
 0.50000000E+00  0.49999000E+00  0.00000000E+00  0.00000000E+00 -0.14142136E-01  0.00000000E+00  0.10000000E+00
 ZONE
 0.50000000E+00  0.49996000E+00  0.00000000E+00  0.00000000E+00 -0.28284271E-01  0.00000000E+00  0.10000000E+00
 ZONE
 0.50000000E+00  0.49991000E+00  0.00000000E+00  0.00000000E+00 -0.42426407E-01  0.00000000E+00  0.10000000E+00
 ZONE
 0.50000000E+00  0.49984000E+00  0.00000000E+00  0.00000000E+00 -0.56568542E-01  0.00000000E+00  0.10000000E+00
 ZONE
 0.50000000E+00  0.49975000E+00  0.00000000E+00  0.00000000E+00 -0.70710678E-01  0.00000000E+00  0.10000000E+00
 ZONE
 0.50000000E+00  0.49964000E+00  0.00000000E+00  0.00000000E+00 -0.84852814E-01  0.00000000E+00  0.10000000E+00
 ZONE
 0.50000000E+00  0.49951000E+00  0.00000000E+00  0.00000000E+00 -0.98994949E-01  0.00000000E+00  0.10000000E+00
 ZONE
 0.50000000E+00  0.49936000E+00  0.00000000E+00  0.00000000E+00 -0.11313708E+00  0.00000000E+00  0.10000000E+00
 ZONE
 0.50000000E+00  0.49919000E+00  0.00000000E+00  0.00000000E+00 -0.12727922E+00  0.00000000E+00  0.10000000E+00
 ZONE
 0.50000000E+00  0.49900000E+00  0.00000000E+00  0.00000000E+00 -0.14142136E+00  0.00000000E+00  0.10000000E+00
 ZONE
 0.50000000E+00  0.49879000E+00  0.00000000E+00  0.00000000E+00 -0.15556349E+00  0.00000000E+00  0.10000000E+00
 ZONE
 0.50000000E+00  0.49856000E+00  0.00000000E+00  0.00000000E+00 -0.16970563E+00  0.00000000E+00  0.10000000E+00
 ZONE
 0.50000000E+00  0.49831000E+00  0.00000000E+00  0.00000000E+00 -0.18384776E+00  0.00000000E+00  0.10000000E+00
 ZONE
 0.50000000E+00  0.49804000E+00  0.00000000E+00  0.00000000E+00 -0.19798990E+00  0.00000000E+00  0.10000000E+00
 ZONE
 0.50000000E+00  0.49775000E+00  0.00000000E+00  0.00000000E+00 -0.21213203E+00  0.00000000E+00  0.10000000E+00
 ZONE
 0.50000000E+00  0.49744000E+00  0.00000000E+00  0.00000000E+00 -0.22627417E+00  0.00000000E+00  0.10000000E+00
 ZONE
 0.50000000E+00  0.49711000E+00  0.00000000E+00  0.00000000E+00 -0.24041631E+00  0.00000000E+00  0.10000000E+00
 ZONE
 0.50000000E+00  0.49676000E+00  0.00000000E+00  0.00000000E+00 -0.25455844E+00  0.00000000E+00  0.10000000E+00
 ZONE
 0.50000000E+00  0.49639000E+00  0.00000000E+00  0.00000000E+00 -0.26870058E+00  0.00000000E+00  0.10000000E+00
 ZONE
 0.50000000E+00  0.49600000E+00  0.00000000E+00  0.00000000E+00 -0.28284271E+00  0.00000000E+00  0.10000000E+00
 ZONE
 0.50000000E+00  0.49559000E+00  0.00000000E+00  0.00000000E+00 -0.29698485E+00  0.00000000E+00  0.10000000E+00
 ZONE
 0.50000000E+00  0.49516000E+00  0.00000000E+00  0.00000000E+00 -0.31112698E+00  0.00000000E+00  0.10000000E+00
 ZONE
 0.50000000E+00  0.49471000E+00  0.00000000E+00  0.00000000E+00 -0.32526912E+00  0.00000000E+00  0.10000000E+00
 ZONE
 0.50000000E+00  0.49424000E+00  0.00000000E+00  0.00000000E+00 -0.33941125E+00  0.00000000E+00  0.10000000E+00
 ZONE
 0.50000000E+00  0.49375000E+00  0.00000000E+00  0.00000000E+00 -0.35355339E+00  0.00000000E+00  0.10000000E+00
 ZONE
 0.50000000E+00  0.49324000E+00  0.00000000E+00  0.00000000E+00 -0.36769553E+00  0.00000000E+00  0.10000000E+00
 ZONE
 0.50000000E+00  0.49271000E+00  0.00000000E+00  0.00000000E+00 -0.38183766E+00  0.00000000E+00  0.10000000E+00
 ZONE
 0.50000000E+00  0.49216000E+00  0.00000000E+00  0.00000000E+00 -0.39597980E+00  0.00000000E+00  0.10000000E+00
 ZONE
 0.50000000E+00  0.49159000E+00  0.00000000E+00  0.00000000E+00 -0.41012193E+00  0.00000000E+00  0.10000000E+00
 ZONE
 0.50000000E+00  0.49100000E+00  0.00000000E+00  0.00000000E+00 -0.42426407E+00  0.00000000E+00  0.10000000E+00
 ZONE
 0.50000000E+00  0.49039000E+00  0.00000000E+00  0.00000000E+00 -0.43840620E+00  0.00000000E+00  0.10000000E+00
 ZONE
 0.50000000E+00  0.48976000E+00  0.00000000E+00  0.00000000E+00 -0.45254834E+00  0.00000000E+00  0.10000000E+00
 ZONE
 0.50000000E+00  0.48911000E+00  0.00000000E+00  0.00000000E+00 -0.46669048E+00  0.00000000E+00  0.10000000E+00
 ZONE
 0.50000000E+00  0.48844000E+00  0.00000000E+00  0.00000000E+00 -0.48083261E+00  0.00000000E+00  0.10000000E+00
 ZONE
 0.50000000E+00  0.48775000E+00  0.00000000E+00  0.00000000E+00 -0.49497475E+00  0.00000000E+00  0.10000000E+00
 ZONE
 0.50000000E+00  0.48704000E+00  0.00000000E+00  0.00000000E+00 -0.50911688E+00  0.00000000E+00  0.10000000E+00
 ZONE
 0.50000000E+00  0.48631000E+00  0.00000000E+00  0.00000000E+00 -0.52325902E+00  0.00000000E+00  0.10000000E+00
 ZONE
 0.50000000E+00  0.48556000E+00  0.00000000E+00  0.00000000E+00 -0.53740115E+00  0.00000000E+00  0.10000000E+00
 ZONE
 0.50000000E+00  0.48479000E+00  0.00000000E+00  0.00000000E+00 -0.55154329E+00  0.00000000E+00  0.10000000E+00
 ZONE
 0.50000000E+00  0.48400000E+00  0.00000000E+00  0.00000000E+00 -0.56568542E+00  0.00000000E+00  0.10000000E+00
 ZONE
 0.50000000E+00  0.48319000E+00  0.00000000E+00  0.00000000E+00 -0.57982756E+00  0.00000000E+00  0.10000000E+00
 ZONE
 0.50000000E+00  0.48236000E+00  0.00000000E+00  0.00000000E+00 -0.59396970E+00  0.00000000E+00  0.10000000E+00
 ZONE
 0.50000000E+00  0.48151000E+00  0.00000000E+00  0.00000000E+00 -0.60811183E+00  0.00000000E+00  0.10000000E+00
 ZONE
 0.50000000E+00  0.48064000E+00  0.00000000E+00  0.00000000E+00 -0.62225397E+00  0.00000000E+00  0.10000000E+00
 ZONE
 0.50000000E+00  0.47975000E+00  0.00000000E+00  0.00000000E+00 -0.63639610E+00  0.00000000E+00  0.10000000E+00
 ZONE
 0.50000000E+00  0.47884000E+00  0.00000000E+00  0.00000000E+00 -0.65053824E+00  0.00000000E+00  0.10000000E+00
 ZONE
 0.50000000E+00  0.47791000E+00  0.00000000E+00  0.00000000E+00 -0.66468037E+00  0.00000000E+00  0.10000000E+00
 ZONE
 0.50000000E+00  0.47696000E+00  0.00000000E+00  0.00000000E+00 -0.67882251E+00  0.00000000E+00  0.10000000E+00
 ZONE
 0.50000000E+00  0.47599000E+00  0.00000000E+00  0.00000000E+00 -0.69296465E+00  0.00000000E+00  0.10000000E+00
 ZONE
 0.50000000E+00  0.47500000E+00  0.00000000E+00  0.00000000E+00 -0.70710678E+00  0.00000000E+00  0.10000000E+00
 ZONE
 0.50000000E+00  0.47399000E+00  0.00000000E+00  0.00000000E+00 -0.72124892E+00  0.00000000E+00  0.10000000E+00
 ZONE
 0.50000000E+00  0.47296000E+00  0.00000000E+00  0.00000000E+00 -0.73539105E+00  0.00000000E+00  0.10000000E+00
 ZONE
 0.50000000E+00  0.47191000E+00  0.00000000E+00  0.00000000E+00 -0.74953319E+00  0.00000000E+00  0.10000000E+00
 ZONE
 0.50000000E+00  0.47084000E+00  0.00000000E+00  0.00000000E+00 -0.76367532E+00  0.00000000E+00  0.10000000E+00
 ZONE
 0.50000000E+00  0.46975000E+00  0.00000000E+00  0.00000000E+00 -0.77781746E+00  0.00000000E+00  0.10000000E+00
 ZONE
 0.50000000E+00  0.46864000E+00  0.00000000E+00  0.00000000E+00 -0.79195959E+00  0.00000000E+00  0.10000000E+00
 ZONE
 0.50000000E+00  0.46751000E+00  0.00000000E+00  0.00000000E+00 -0.80610173E+00  0.00000000E+00  0.10000000E+00
 ZONE
 0.50000000E+00  0.46636000E+00  0.00000000E+00  0.00000000E+00 -0.82024387E+00  0.00000000E+00  0.10000000E+00
 ZONE
 0.50000000E+00  0.46519000E+00  0.00000000E+00  0.00000000E+00 -0.83438600E+00  0.00000000E+00  0.10000000E+00
 ZONE
 0.50000000E+00  0.46400000E+00  0.00000000E+00  0.00000000E+00 -0.84852814E+00  0.00000000E+00  0.10000000E+00
 ZONE
 0.50000000E+00  0.46279000E+00  0.00000000E+00  0.00000000E+00 -0.86267027E+00  0.00000000E+00  0.10000000E+00
 ZONE
 0.50000000E+00  0.46156000E+00  0.00000000E+00  0.00000000E+00 -0.87681241E+00  0.00000000E+00  0.10000000E+00
 ZONE
 0.50000000E+00  0.46031000E+00  0.00000000E+00  0.00000000E+00 -0.89095454E+00  0.00000000E+00  0.10000000E+00
 ZONE
 0.50000000E+00  0.45904000E+00  0.00000000E+00  0.00000000E+00 -0.90509668E+00  0.00000000E+00  0.10000000E+00
 ZONE
 0.50000000E+00  0.45775000E+00  0.00000000E+00  0.00000000E+00 -0.91923882E+00  0.00000000E+00  0.10000000E+00
 ZONE
 0.50000000E+00  0.45644000E+00  0.00000000E+00  0.00000000E+00 -0.93338095E+00  0.00000000E+00  0.10000000E+00
 ZONE
 0.50000000E+00  0.45511000E+00  0.00000000E+00  0.00000000E+00 -0.94752309E+00  0.00000000E+00  0.10000000E+00
 ZONE
 0.50000000E+00  0.45376000E+00  0.00000000E+00  0.00000000E+00 -0.96166522E+00  0.00000000E+00  0.10000000E+00
 ZONE
 0.50000000E+00  0.45239000E+00  0.00000000E+00  0.00000000E+00 -0.97580736E+00  0.00000000E+00  0.10000000E+00
 ZONE
 0.50000000E+00  0.45100000E+00  0.00000000E+00  0.00000000E+00 -0.98994949E+00  0.00000000E+00  0.10000000E+00
 ZONE
 0.50000000E+00  0.44959000E+00  0.00000000E+00  0.00000000E+00 -0.10040916E+01  0.00000000E+00  0.10000000E+00
 ZONE
 0.50000000E+00  0.44816000E+00  0.00000000E+00  0.00000000E+00 -0.10182338E+01  0.00000000E+00  0.10000000E+00
 ZONE
 0.50000000E+00  0.44671000E+00  0.00000000E+00  0.00000000E+00 -0.10323759E+01  0.00000000E+00  0.10000000E+00
 ZONE
 0.50000000E+00  0.44524000E+00  0.00000000E+00  0.00000000E+00 -0.10465180E+01  0.00000000E+00  0.10000000E+00
 ZONE
 0.50000000E+00  0.44375000E+00  0.00000000E+00  0.00000000E+00 -0.10606602E+01  0.00000000E+00  0.10000000E+00
 ZONE
 0.50000000E+00  0.44224000E+00  0.00000000E+00  0.00000000E+00 -0.10748023E+01  0.00000000E+00  0.10000000E+00
 ZONE
 0.50000000E+00  0.44071000E+00  0.00000000E+00  0.00000000E+00 -0.10889444E+01  0.00000000E+00  0.10000000E+00
 ZONE
 0.50000000E+00  0.43916000E+00  0.00000000E+00  0.00000000E+00 -0.11030866E+01  0.00000000E+00  0.10000000E+00
 ZONE
 0.50000000E+00  0.43759000E+00  0.00000000E+00  0.00000000E+00 -0.11172287E+01  0.00000000E+00  0.10000000E+00
 ZONE
 0.50000000E+00  0.43600000E+00  0.00000000E+00  0.00000000E+00 -0.11313708E+01  0.00000000E+00  0.10000000E+00
 ZONE
 0.50000000E+00  0.43439000E+00  0.00000000E+00  0.00000000E+00 -0.11455130E+01  0.00000000E+00  0.10000000E+00
 ZONE
 0.50000000E+00  0.43276000E+00  0.00000000E+00  0.00000000E+00 -0.11596551E+01  0.00000000E+00  0.10000000E+00
 ZONE
 0.50000000E+00  0.43111000E+00  0.00000000E+00  0.00000000E+00 -0.11737973E+01  0.00000000E+00  0.10000000E+00
 ZONE
 0.50000000E+00  0.42944000E+00  0.00000000E+00  0.00000000E+00 -0.11879394E+01  0.00000000E+00  0.10000000E+00
 ZONE
 0.50000000E+00  0.42775000E+00  0.00000000E+00  0.00000000E+00 -0.12020815E+01  0.00000000E+00  0.10000000E+00
 ZONE
 0.50000000E+00  0.42604000E+00  0.00000000E+00  0.00000000E+00 -0.12162237E+01  0.00000000E+00  0.10000000E+00
 ZONE
 0.50000000E+00  0.42431000E+00  0.00000000E+00  0.00000000E+00 -0.12303658E+01  0.00000000E+00  0.10000000E+00
 ZONE
 0.50000000E+00  0.42256000E+00  0.00000000E+00  0.00000000E+00 -0.12445079E+01  0.00000000E+00  0.10000000E+00
 ZONE
 0.50000000E+00  0.42079000E+00  0.00000000E+00  0.00000000E+00 -0.12586501E+01  0.00000000E+00  0.10000000E+00
 ZONE
 0.50000000E+00  0.41900000E+00  0.00000000E+00  0.00000000E+00 -0.12727922E+01  0.00000000E+00  0.10000000E+00
 ZONE
 0.50000000E+00  0.41719000E+00  0.00000000E+00  0.00000000E+00 -0.12869343E+01  0.00000000E+00  0.10000000E+00
 ZONE
 0.50000000E+00  0.41536000E+00  0.00000000E+00  0.00000000E+00 -0.13010765E+01  0.00000000E+00  0.10000000E+00
 ZONE
 0.50000000E+00  0.41351000E+00  0.00000000E+00  0.00000000E+00 -0.13152186E+01  0.00000000E+00  0.10000000E+00
 ZONE
 0.50000000E+00  0.41164000E+00  0.00000000E+00  0.00000000E+00 -0.13293607E+01  0.00000000E+00  0.10000000E+00
 ZONE
 0.50000000E+00  0.40975000E+00  0.00000000E+00  0.00000000E+00 -0.13435029E+01  0.00000000E+00  0.10000000E+00
 ZONE
 0.50000000E+00  0.40784000E+00  0.00000000E+00  0.00000000E+00 -0.13576450E+01  0.00000000E+00  0.10000000E+00
 ZONE
 0.50000000E+00  0.40591000E+00  0.00000000E+00  0.00000000E+00 -0.13717872E+01  0.00000000E+00  0.10000000E+00
 ZONE
 0.50000000E+00  0.40396000E+00  0.00000000E+00  0.00000000E+00 -0.13859293E+01  0.00000000E+00  0.10000000E+00
 ZONE
 0.50000000E+00  0.40199000E+00  0.00000000E+00  0.00000000E+00 -0.14000714E+01  0.00000000E+00  0.10000000E+00
 ZONE
 0.50000000E+00  0.40000000E+00  0.00000000E+00  0.00000000E+00 -0.14142136E+01  0.00000000E+00  0.10000000E+00
 ZONE
 0.50000000E+00  0.39799000E+00  0.00000000E+00  0.00000000E+00 -0.14283557E+01  0.00000000E+00  0.10000000E+00
 ZONE
 0.50000000E+00  0.39596000E+00  0.00000000E+00  0.00000000E+00 -0.14424978E+01  0.00000000E+00  0.10000000E+00
 ZONE
 0.50000000E+00  0.39391000E+00  0.00000000E+00  0.00000000E+00 -0.14566400E+01  0.00000000E+00  0.10000000E+00
 ZONE
 0.50000000E+00  0.39184000E+00  0.00000000E+00  0.00000000E+00 -0.14707821E+01  0.00000000E+00  0.10000000E+00
 ZONE
 0.50000000E+00  0.38975000E+00  0.00000000E+00  0.00000000E+00 -0.14849242E+01  0.00000000E+00  0.10000000E+00
 ZONE
 0.50000000E+00  0.38764000E+00  0.00000000E+00  0.00000000E+00 -0.14990664E+01  0.00000000E+00  0.10000000E+00
 ZONE
 0.50000000E+00  0.38551000E+00  0.00000000E+00  0.00000000E+00 -0.15132085E+01  0.00000000E+00  0.10000000E+00
 ZONE
 0.50000000E+00  0.38336000E+00  0.00000000E+00  0.00000000E+00 -0.15273506E+01  0.00000000E+00  0.10000000E+00
 ZONE
 0.50000000E+00  0.38119000E+00  0.00000000E+00  0.00000000E+00 -0.15414928E+01  0.00000000E+00  0.10000000E+00
 ZONE
 0.50000000E+00  0.37900000E+00  0.00000000E+00  0.00000000E+00 -0.15556349E+01  0.00000000E+00  0.10000000E+00
 ZONE
 0.50000000E+00  0.37679000E+00  0.00000000E+00  0.00000000E+00 -0.15697771E+01  0.00000000E+00  0.10000000E+00
 ZONE
 0.50000000E+00  0.37456000E+00  0.00000000E+00  0.00000000E+00 -0.15839192E+01  0.00000000E+00  0.10000000E+00
 ZONE
 0.50000000E+00  0.37231000E+00  0.00000000E+00  0.00000000E+00 -0.15980613E+01  0.00000000E+00  0.10000000E+00
 ZONE
 0.50000000E+00  0.37004000E+00  0.00000000E+00  0.00000000E+00 -0.16122035E+01  0.00000000E+00  0.10000000E+00
 ZONE
 0.50000000E+00  0.36775000E+00  0.00000000E+00  0.00000000E+00 -0.16263456E+01  0.00000000E+00  0.10000000E+00
 ZONE
 0.50000000E+00  0.36544000E+00  0.00000000E+00  0.00000000E+00 -0.16404877E+01  0.00000000E+00  0.10000000E+00
 ZONE
 0.50000000E+00  0.36311000E+00  0.00000000E+00  0.00000000E+00 -0.16546299E+01  0.00000000E+00  0.10000000E+00
 ZONE
 0.50000000E+00  0.36076000E+00  0.00000000E+00  0.00000000E+00 -0.16687720E+01  0.00000000E+00  0.10000000E+00
 ZONE
 0.50000000E+00  0.35839000E+00  0.00000000E+00  0.00000000E+00 -0.16829141E+01  0.00000000E+00  0.10000000E+00
 ZONE
 0.50000000E+00  0.35600000E+00  0.00000000E+00  0.00000000E+00 -0.16970563E+01  0.00000000E+00  0.10000000E+00
 ZONE
 0.50000000E+00  0.35359000E+00  0.00000000E+00  0.00000000E+00 -0.17111984E+01  0.00000000E+00  0.10000000E+00
 ZONE
 0.50000000E+00  0.35116000E+00  0.00000000E+00  0.00000000E+00 -0.17253405E+01  0.00000000E+00  0.10000000E+00
 ZONE
 0.50000000E+00  0.34871000E+00  0.00000000E+00  0.00000000E+00 -0.17394827E+01  0.00000000E+00  0.10000000E+00
 ZONE
 0.50000000E+00  0.34624000E+00  0.00000000E+00  0.00000000E+00 -0.17536248E+01  0.00000000E+00  0.10000000E+00
 ZONE
 0.50000000E+00  0.34375000E+00  0.00000000E+00  0.00000000E+00 -0.17677670E+01  0.00000000E+00  0.10000000E+00
 ZONE
 0.50000000E+00  0.34124000E+00  0.00000000E+00  0.00000000E+00 -0.17819091E+01  0.00000000E+00  0.10000000E+00
 ZONE
 0.50000000E+00  0.33871000E+00  0.00000000E+00  0.00000000E+00 -0.17960512E+01  0.00000000E+00  0.10000000E+00
 ZONE
 0.50000000E+00  0.33616000E+00  0.00000000E+00  0.00000000E+00 -0.18101934E+01  0.00000000E+00  0.10000000E+00
 ZONE
 0.50000000E+00  0.33359000E+00  0.00000000E+00  0.00000000E+00 -0.18243355E+01  0.00000000E+00  0.10000000E+00
 ZONE
 0.50000000E+00  0.33100000E+00  0.00000000E+00  0.00000000E+00 -0.18384776E+01  0.00000000E+00  0.10000000E+00
 ZONE
 0.50000000E+00  0.32839000E+00  0.00000000E+00  0.00000000E+00 -0.18526198E+01  0.00000000E+00  0.10000000E+00
 ZONE
 0.50000000E+00  0.32576000E+00  0.00000000E+00  0.00000000E+00 -0.18667619E+01  0.00000000E+00  0.10000000E+00
 ZONE
 0.50000000E+00  0.32311000E+00  0.00000000E+00  0.00000000E+00 -0.18809040E+01  0.00000000E+00  0.10000000E+00
 ZONE
 0.50000000E+00  0.32044000E+00  0.00000000E+00  0.00000000E+00 -0.18950462E+01  0.00000000E+00  0.10000000E+00
 ZONE
 0.50000000E+00  0.31775000E+00  0.00000000E+00  0.00000000E+00 -0.19091883E+01  0.00000000E+00  0.10000000E+00
 ZONE
 0.50000000E+00  0.31504000E+00  0.00000000E+00  0.00000000E+00 -0.19233304E+01  0.00000000E+00  0.10000000E+00
 ZONE
 0.50000000E+00  0.31231000E+00  0.00000000E+00  0.00000000E+00 -0.19374726E+01  0.00000000E+00  0.10000000E+00
 ZONE
 0.50000000E+00  0.30956000E+00  0.00000000E+00  0.00000000E+00 -0.19516147E+01  0.00000000E+00  0.10000000E+00
 ZONE
 0.50000000E+00  0.30679000E+00  0.00000000E+00  0.00000000E+00 -0.19657569E+01  0.00000000E+00  0.10000000E+00
 ZONE
 0.50000000E+00  0.30400000E+00  0.00000000E+00  0.00000000E+00 -0.19798990E+01  0.00000000E+00  0.10000000E+00
 ZONE
 0.50000000E+00  0.30119000E+00  0.00000000E+00  0.00000000E+00 -0.19940411E+01  0.00000000E+00  0.10000000E+00
 ZONE
 0.50000000E+00  0.29836000E+00  0.00000000E+00  0.00000000E+00 -0.20081833E+01  0.00000000E+00  0.10000000E+00
 ZONE
 0.50000000E+00  0.29551000E+00  0.00000000E+00  0.00000000E+00 -0.20223254E+01  0.00000000E+00  0.10000000E+00
 ZONE
 0.50000000E+00  0.29264000E+00  0.00000000E+00  0.00000000E+00 -0.20364675E+01  0.00000000E+00  0.10000000E+00
 ZONE
 0.50000000E+00  0.28975000E+00  0.00000000E+00  0.00000000E+00 -0.20506097E+01  0.00000000E+00  0.10000000E+00
 ZONE
 0.50000000E+00  0.28684000E+00  0.00000000E+00  0.00000000E+00 -0.20647518E+01  0.00000000E+00  0.10000000E+00
 ZONE
 0.50000000E+00  0.28391000E+00  0.00000000E+00  0.00000000E+00 -0.20788939E+01  0.00000000E+00  0.10000000E+00
 ZONE
 0.50000000E+00  0.28096000E+00  0.00000000E+00  0.00000000E+00 -0.20930361E+01  0.00000000E+00  0.10000000E+00
 ZONE
 0.50000000E+00  0.27799000E+00  0.00000000E+00  0.00000000E+00 -0.21071782E+01  0.00000000E+00  0.10000000E+00
 ZONE
 0.50000000E+00  0.27500000E+00  0.00000000E+00  0.00000000E+00 -0.21213203E+01  0.00000000E+00  0.10000000E+00
 ZONE
 0.50000000E+00  0.27199000E+00  0.00000000E+00  0.00000000E+00 -0.21354625E+01  0.00000000E+00  0.10000000E+00
 ZONE
 0.50000000E+00  0.26896000E+00  0.00000000E+00  0.00000000E+00 -0.21496046E+01  0.00000000E+00  0.10000000E+00
 ZONE
 0.50000000E+00  0.26591000E+00  0.00000000E+00  0.00000000E+00 -0.21637468E+01  0.00000000E+00  0.10000000E+00
 ZONE
 0.50000000E+00  0.26284000E+00  0.00000000E+00  0.00000000E+00 -0.21778889E+01  0.00000000E+00  0.10000000E+00
 ZONE
 0.50000000E+00  0.25975000E+00  0.00000000E+00  0.00000000E+00 -0.21920310E+01  0.00000000E+00  0.10000000E+00
 ZONE
 0.50000000E+00  0.25664000E+00  0.00000000E+00  0.00000000E+00 -0.22061732E+01  0.00000000E+00  0.10000000E+00
 ZONE
 0.50000000E+00  0.25351000E+00  0.00000000E+00  0.00000000E+00 -0.22203153E+01  0.00000000E+00  0.10000000E+00
 ZONE
 0.50000000E+00  0.25036000E+00  0.00000000E+00  0.00000000E+00 -0.22344574E+01  0.00000000E+00  0.10000000E+00
 ZONE
 0.50000000E+00  0.24719000E+00  0.00000000E+00  0.00000000E+00 -0.22485996E+01  0.00000000E+00  0.10000000E+00
 ZONE
 0.50000000E+00  0.24400000E+00  0.00000000E+00  0.00000000E+00 -0.22627417E+01  0.00000000E+00  0.10000000E+00
 ZONE
 0.50000000E+00  0.24079000E+00  0.00000000E+00  0.00000000E+00 -0.22768838E+01  0.00000000E+00  0.10000000E+00
 ZONE
 0.50000000E+00  0.23756000E+00  0.00000000E+00  0.00000000E+00 -0.22910260E+01  0.00000000E+00  0.10000000E+00
 ZONE
 0.50000000E+00  0.23431000E+00  0.00000000E+00  0.00000000E+00 -0.23051681E+01  0.00000000E+00  0.10000000E+00
 ZONE
 0.50000000E+00  0.23104000E+00  0.00000000E+00  0.00000000E+00 -0.23193102E+01  0.00000000E+00  0.10000000E+00
 ZONE
 0.50000000E+00  0.22775000E+00  0.00000000E+00  0.00000000E+00 -0.23334524E+01  0.00000000E+00  0.10000000E+00
 ZONE
 0.50000000E+00  0.22444000E+00  0.00000000E+00  0.00000000E+00 -0.23475945E+01  0.00000000E+00  0.10000000E+00
 ZONE
 0.50000000E+00  0.22111000E+00  0.00000000E+00  0.00000000E+00 -0.23617366E+01  0.00000000E+00  0.10000000E+00
 ZONE
 0.50000000E+00  0.21776000E+00  0.00000000E+00  0.00000000E+00 -0.23758788E+01  0.00000000E+00  0.10000000E+00
 ZONE
 0.50000000E+00  0.21439000E+00  0.00000000E+00  0.00000000E+00 -0.23900209E+01  0.00000000E+00  0.10000000E+00
 ZONE
 0.50000000E+00  0.21100000E+00  0.00000000E+00  0.00000000E+00 -0.24041631E+01  0.00000000E+00  0.10000000E+00
 ZONE
 0.50000000E+00  0.20759000E+00  0.00000000E+00  0.00000000E+00 -0.24183052E+01  0.00000000E+00  0.10000000E+00
 ZONE
 0.50000000E+00  0.20416000E+00  0.00000000E+00  0.00000000E+00 -0.24324473E+01  0.00000000E+00  0.10000000E+00
 ZONE
 0.50000000E+00  0.20071000E+00  0.00000000E+00  0.00000000E+00 -0.24465895E+01  0.00000000E+00  0.10000000E+00
 ZONE
 0.50000000E+00  0.19724000E+00  0.00000000E+00  0.00000000E+00 -0.24607316E+01  0.00000000E+00  0.10000000E+00
 ZONE
 0.50000000E+00  0.19375000E+00  0.00000000E+00  0.00000000E+00 -0.24748737E+01  0.00000000E+00  0.10000000E+00
 ZONE
 0.50000000E+00  0.19024000E+00  0.00000000E+00  0.00000000E+00 -0.24890159E+01  0.00000000E+00  0.10000000E+00
 ZONE
 0.50000000E+00  0.18671000E+00  0.00000000E+00  0.00000000E+00 -0.25031580E+01  0.00000000E+00  0.10000000E+00
 ZONE
 0.50000000E+00  0.18316000E+00  0.00000000E+00  0.00000000E+00 -0.25173001E+01  0.00000000E+00  0.10000000E+00
 ZONE
 0.50000000E+00  0.17959000E+00  0.00000000E+00  0.00000000E+00 -0.25314423E+01  0.00000000E+00  0.10000000E+00
 ZONE
 0.50000000E+00  0.17600000E+00  0.00000000E+00  0.00000000E+00 -0.25455844E+01  0.00000000E+00  0.10000000E+00
 ZONE
 0.50000000E+00  0.17239000E+00  0.00000000E+00  0.00000000E+00 -0.25597265E+01  0.00000000E+00  0.10000000E+00
 ZONE
 0.50000000E+00  0.16876000E+00  0.00000000E+00  0.00000000E+00 -0.25738687E+01  0.00000000E+00  0.10000000E+00
 ZONE
 0.50000000E+00  0.16511000E+00  0.00000000E+00  0.00000000E+00 -0.25880108E+01  0.00000000E+00  0.10000000E+00
 ZONE
 0.50000000E+00  0.16144000E+00  0.00000000E+00  0.00000000E+00 -0.26021530E+01  0.00000000E+00  0.10000000E+00
 ZONE
 0.50000000E+00  0.15775000E+00  0.00000000E+00  0.00000000E+00 -0.26162951E+01  0.00000000E+00  0.10000000E+00
 ZONE
 0.50000000E+00  0.15404000E+00  0.00000000E+00  0.00000000E+00 -0.26304372E+01  0.00000000E+00  0.10000000E+00
 ZONE
 0.50000000E+00  0.15031000E+00  0.00000000E+00  0.00000000E+00 -0.26445794E+01  0.00000000E+00  0.10000000E+00
 ZONE
 0.50000000E+00  0.14656000E+00  0.00000000E+00  0.00000000E+00 -0.26587215E+01  0.00000000E+00  0.10000000E+00
 ZONE
 0.50000000E+00  0.14279000E+00  0.00000000E+00  0.00000000E+00 -0.26728636E+01  0.00000000E+00  0.10000000E+00
 ZONE
 0.50000000E+00  0.13900000E+00  0.00000000E+00  0.00000000E+00 -0.26870058E+01  0.00000000E+00  0.10000000E+00
 ZONE
 0.50000000E+00  0.13519000E+00  0.00000000E+00  0.00000000E+00 -0.27011479E+01  0.00000000E+00  0.10000000E+00
 ZONE
 0.50000000E+00  0.13136000E+00  0.00000000E+00  0.00000000E+00 -0.27152900E+01  0.00000000E+00  0.10000000E+00
 ZONE
 0.50000000E+00  0.12751000E+00  0.00000000E+00  0.00000000E+00 -0.27294322E+01  0.00000000E+00  0.10000000E+00
 ZONE
 0.50000000E+00  0.12364000E+00  0.00000000E+00  0.00000000E+00 -0.27435743E+01  0.00000000E+00  0.10000000E+00
 ZONE
 0.50000000E+00  0.11975000E+00  0.00000000E+00  0.00000000E+00 -0.27577164E+01  0.00000000E+00  0.10000000E+00
 ZONE
 0.50000000E+00  0.11584000E+00  0.00000000E+00  0.00000000E+00 -0.27718586E+01  0.00000000E+00  0.10000000E+00
 ZONE
 0.50000000E+00  0.11191000E+00  0.00000000E+00  0.00000000E+00 -0.27860007E+01  0.00000000E+00  0.10000000E+00
 ZONE
 0.50000000E+00  0.10796000E+00  0.00000000E+00  0.00000000E+00 -0.28001429E+01  0.00000000E+00  0.10000000E+00
 ZONE
 0.50000000E+00  0.10399000E+00  0.00000000E+00  0.00000000E+00 -0.28142850E+01  0.00000000E+00  0.10000000E+00
 ZONE
 0.50000000E+00  0.10000000E+00  0.00000000E+00  0.00000000E+00 -0.28284271E+01  0.00000000E+00  0.10000000E+00
 ZONE
 0.50000000E+00  0.98999949E-01 -0.30652757E-14  0.00000000E+00  0.14141415E+01 -0.43349545E-11  0.10000000E+00
 ZONE
 0.50000000E+00  0.10098985E+00  0.59549967E-11  0.00000000E+00  0.13999993E+01  0.84303071E-08  0.10000000E+00
 ZONE
 0.50000000E+00  0.10295975E+00  0.17877251E-10  0.00000000E+00  0.13858572E+01  0.84303071E-08  0.10000000E+00
 ZONE
 0.50000000E+00  0.10490964E+00  0.29799506E-10  0.00000000E+00  0.13717151E+01  0.84303071E-08  0.10000000E+00
 ZONE
 0.50000000E+00  0.10683954E+00  0.41721761E-10  0.00000000E+00  0.13575729E+01  0.84303071E-08  0.10000000E+00
 ZONE
 0.50000000E+00  0.10874944E+00  0.53644015E-10  0.00000000E+00  0.13434308E+01  0.84303071E-08  0.10000000E+00
 ZONE
 0.50000000E+00  0.11063934E+00  0.65566270E-10  0.00000000E+00  0.13292887E+01  0.84303071E-08  0.10000000E+00
 ZONE
 0.50000000E+00  0.11250924E+00  0.77488524E-10  0.00000000E+00  0.13151465E+01  0.84303071E-08  0.10000000E+00
 ZONE
 0.50000000E+00  0.11435913E+00  0.89410779E-10  0.00000000E+00  0.13010044E+01  0.84303071E-08  0.10000000E+00
 ZONE
 0.50000000E+00  0.11618903E+00  0.10133303E-09  0.00000000E+00  0.12868623E+01  0.84303071E-08  0.10000000E+00
 ZONE
 0.50000000E+00  0.11799893E+00  0.11325529E-09  0.00000000E+00  0.12727201E+01  0.84303071E-08  0.10000000E+00
 ZONE
 0.50000000E+00  0.11978883E+00  0.12517754E-09  0.00000000E+00  0.12585780E+01  0.84303071E-08  0.10000000E+00
 ZONE
 0.50000000E+00  0.12155873E+00  0.13709980E-09  0.00000000E+00  0.12444358E+01  0.84303071E-08  0.10000000E+00
 ZONE
 0.50000000E+00  0.12330862E+00  0.14902205E-09  0.00000000E+00  0.12302937E+01  0.84303071E-08  0.10000000E+00
 ZONE
 0.50000000E+00  0.12503852E+00  0.16094431E-09  0.00000000E+00  0.12161516E+01  0.84303071E-08  0.10000000E+00
 ZONE
 0.50000000E+00  0.12674842E+00  0.17286656E-09  0.00000000E+00  0.12020094E+01  0.84303071E-08  0.10000000E+00
 ZONE
 0.50000000E+00  0.12843832E+00  0.18478882E-09  0.00000000E+00  0.11878673E+01  0.84303071E-08  0.10000000E+00
 ZONE
 0.50000000E+00  0.13010822E+00  0.19671107E-09  0.00000000E+00  0.11737252E+01  0.84303071E-08  0.10000000E+00
 ZONE
 0.50000000E+00  0.13175811E+00  0.20863332E-09  0.00000000E+00  0.11595830E+01  0.84303071E-08  0.10000000E+00
 ZONE
 0.50000000E+00  0.13338801E+00  0.22055558E-09  0.00000000E+00  0.11454409E+01  0.84303071E-08  0.10000000E+00
 ZONE
 0.50000000E+00  0.13499791E+00  0.23247783E-09  0.00000000E+00  0.11312988E+01  0.84303071E-08  0.10000000E+00
 ZONE
 0.50000000E+00  0.13658781E+00  0.24440009E-09  0.00000000E+00  0.11171566E+01  0.84303071E-08  0.10000000E+00
 ZONE
 0.50000000E+00  0.13815771E+00  0.25632234E-09  0.00000000E+00  0.11030145E+01  0.84303071E-08  0.10000000E+00
 ZONE
 0.50000000E+00  0.13970760E+00  0.26824460E-09  0.00000000E+00  0.10888724E+01  0.84303071E-08  0.10000000E+00
 ZONE
 0.50000000E+00  0.14123750E+00  0.28016685E-09  0.00000000E+00  0.10747302E+01  0.84303071E-08  0.10000000E+00
 ZONE
 0.50000000E+00  0.14274740E+00  0.29208911E-09  0.00000000E+00  0.10605881E+01  0.84303071E-08  0.10000000E+00
 ZONE
 0.50000000E+00  0.14423730E+00  0.30401136E-09  0.00000000E+00  0.10464459E+01  0.84303071E-08  0.10000000E+00
 ZONE
 0.50000000E+00  0.14570720E+00  0.31593362E-09  0.00000000E+00  0.10323038E+01  0.84303071E-08  0.10000000E+00
 ZONE
 0.50000000E+00  0.14715709E+00  0.32785587E-09  0.00000000E+00  0.10181617E+01  0.84303071E-08  0.10000000E+00
 ZONE
 0.50000000E+00  0.14858699E+00  0.33977813E-09  0.00000000E+00  0.10040195E+01  0.84303071E-08  0.10000000E+00
 ZONE
 0.50000000E+00  0.14999689E+00  0.35170038E-09  0.00000000E+00  0.98987740E+00  0.84303071E-08  0.10000000E+00
 ZONE
 0.50000000E+00  0.15138679E+00  0.36362263E-09  0.00000000E+00  0.97573527E+00  0.84303071E-08  0.10000000E+00
 ZONE
 0.50000000E+00  0.15275669E+00  0.37554489E-09  0.00000000E+00  0.96159313E+00  0.84303071E-08  0.10000000E+00
 ZONE
 0.50000000E+00  0.15410658E+00  0.38746714E-09  0.00000000E+00  0.94745100E+00  0.84303071E-08  0.10000000E+00
 ZONE
 0.50000000E+00  0.15543648E+00  0.39938940E-09  0.00000000E+00  0.93330886E+00  0.84303071E-08  0.10000000E+00
 ZONE
 0.50000000E+00  0.15674638E+00  0.41131165E-09  0.00000000E+00  0.91916673E+00  0.84303071E-08  0.10000000E+00
 ZONE
 0.50000000E+00  0.15803628E+00  0.42323391E-09  0.00000000E+00  0.90502459E+00  0.84303071E-08  0.10000000E+00
 ZONE
 0.50000000E+00  0.15930618E+00  0.43515616E-09  0.00000000E+00  0.89088245E+00  0.84303071E-08  0.10000000E+00
 ZONE
 0.50000000E+00  0.16055607E+00  0.44707842E-09  0.00000000E+00  0.87674032E+00  0.84303071E-08  0.10000000E+00
 ZONE
 0.50000000E+00  0.16178597E+00  0.45900067E-09  0.00000000E+00  0.86259818E+00  0.84303071E-08  0.10000000E+00
 ZONE
 0.50000000E+00  0.16299587E+00  0.47092293E-09  0.00000000E+00  0.84845605E+00  0.84303071E-08  0.10000000E+00
 ZONE
 0.50000000E+00  0.16418577E+00  0.48284518E-09  0.00000000E+00  0.83431391E+00  0.84303071E-08  0.10000000E+00
 ZONE
 0.50000000E+00  0.16535567E+00  0.49476744E-09  0.00000000E+00  0.82017178E+00  0.84303071E-08  0.10000000E+00
 ZONE
 0.50000000E+00  0.16650557E+00  0.50668969E-09  0.00000000E+00  0.80602964E+00  0.84303071E-08  0.10000000E+00
 ZONE
 0.50000000E+00  0.16763546E+00  0.51861194E-09  0.00000000E+00  0.79188751E+00  0.84303071E-08  0.10000000E+00
 ZONE
 0.50000000E+00  0.16874536E+00  0.53053420E-09  0.00000000E+00  0.77774537E+00  0.84303071E-08  0.10000000E+00
 ZONE
 0.50000000E+00  0.16983526E+00  0.54245645E-09  0.00000000E+00  0.76360323E+00  0.84303071E-08  0.10000000E+00
 ZONE
 0.50000000E+00  0.17090516E+00  0.55437871E-09  0.00000000E+00  0.74946110E+00  0.84303071E-08  0.10000000E+00
 ZONE
 0.50000000E+00  0.17195506E+00  0.56630096E-09  0.00000000E+00  0.73531896E+00  0.84303071E-08  0.10000000E+00
 ZONE
 0.50000000E+00  0.17298495E+00  0.57822322E-09  0.00000000E+00  0.72117683E+00  0.84303071E-08  0.10000000E+00
 ZONE
 0.50000000E+00  0.17399485E+00  0.59014547E-09  0.00000000E+00  0.70703469E+00  0.84303071E-08  0.10000000E+00
 ZONE
 0.50000000E+00  0.17498475E+00  0.60206773E-09  0.00000000E+00  0.69289256E+00  0.84303071E-08  0.10000000E+00
 ZONE
 0.50000000E+00  0.17595465E+00  0.61398998E-09  0.00000000E+00  0.67875042E+00  0.84303071E-08  0.10000000E+00
 ZONE
 0.50000000E+00  0.17690455E+00  0.62591224E-09  0.00000000E+00  0.66460828E+00  0.84303071E-08  0.10000000E+00
 ZONE
 0.50000000E+00  0.17783444E+00  0.63783449E-09  0.00000000E+00  0.65046615E+00  0.84303071E-08  0.10000000E+00
 ZONE
 0.50000000E+00  0.17874434E+00  0.64975675E-09  0.00000000E+00  0.63632401E+00  0.84303071E-08  0.10000000E+00
 ZONE
 0.50000000E+00  0.17963424E+00  0.66167900E-09  0.00000000E+00  0.62218188E+00  0.84303071E-08  0.10000000E+00
 ZONE
 0.50000000E+00  0.18050414E+00  0.67360125E-09  0.00000000E+00  0.60803974E+00  0.84303071E-08  0.10000000E+00
 ZONE
 0.50000000E+00  0.18135404E+00  0.68552351E-09  0.00000000E+00  0.59389761E+00  0.84303071E-08  0.10000000E+00
 ZONE
 0.50000000E+00  0.18218393E+00  0.69744576E-09  0.00000000E+00  0.57975547E+00  0.84303071E-08  0.10000000E+00
 ZONE
 0.50000000E+00  0.18299383E+00  0.70936802E-09  0.00000000E+00  0.56561334E+00  0.84303071E-08  0.10000000E+00
 ZONE
 0.50000000E+00  0.18378373E+00  0.72129027E-09  0.00000000E+00  0.55147120E+00  0.84303071E-08  0.10000000E+00
 ZONE
 0.50000000E+00  0.18455363E+00  0.73321253E-09  0.00000000E+00  0.53732906E+00  0.84303071E-08  0.10000000E+00
 ZONE
 0.50000000E+00  0.18530353E+00  0.74513478E-09  0.00000000E+00  0.52318693E+00  0.84303071E-08  0.10000000E+00
 ZONE
 0.50000000E+00  0.18603342E+00  0.75705704E-09  0.00000000E+00  0.50904479E+00  0.84303071E-08  0.10000000E+00
 ZONE
 0.50000000E+00  0.18674332E+00  0.76897929E-09  0.00000000E+00  0.49490266E+00  0.84303071E-08  0.10000000E+00
 ZONE
 0.50000000E+00  0.18743322E+00  0.78090155E-09  0.00000000E+00  0.48076052E+00  0.84303071E-08  0.10000000E+00
 ZONE
 0.50000000E+00  0.18810312E+00  0.79282380E-09  0.00000000E+00  0.46661839E+00  0.84303071E-08  0.10000000E+00
 ZONE
 0.50000000E+00  0.18875302E+00  0.80474605E-09  0.00000000E+00  0.45247625E+00  0.84303071E-08  0.10000000E+00
 ZONE
 0.50000000E+00  0.18938291E+00  0.81666831E-09  0.00000000E+00  0.43833411E+00  0.84303071E-08  0.10000000E+00
 ZONE
 0.50000000E+00  0.18999281E+00  0.82859056E-09  0.00000000E+00  0.42419198E+00  0.84303071E-08  0.10000000E+00
 ZONE
 0.50000000E+00  0.19058271E+00  0.84051282E-09  0.00000000E+00  0.41004984E+00  0.84303071E-08  0.10000000E+00
 ZONE
 0.50000000E+00  0.19115261E+00  0.85243507E-09  0.00000000E+00  0.39590771E+00  0.84303071E-08  0.10000000E+00
 ZONE
 0.50000000E+00  0.19170251E+00  0.86435733E-09  0.00000000E+00  0.38176557E+00  0.84303071E-08  0.10000000E+00
 ZONE
 0.50000000E+00  0.19223240E+00  0.87627958E-09  0.00000000E+00  0.36762344E+00  0.84303071E-08  0.10000000E+00
 ZONE
 0.50000000E+00  0.19274230E+00  0.88820184E-09  0.00000000E+00  0.35348130E+00  0.84303071E-08  0.10000000E+00
 ZONE
 0.50000000E+00  0.19323220E+00  0.90012409E-09  0.00000000E+00  0.33933917E+00  0.84303071E-08  0.10000000E+00
 ZONE
 0.50000000E+00  0.19370210E+00  0.91204635E-09  0.00000000E+00  0.32519703E+00  0.84303071E-08  0.10000000E+00
 ZONE
 0.50000000E+00  0.19415200E+00  0.92396860E-09  0.00000000E+00  0.31105489E+00  0.84303071E-08  0.10000000E+00
 ZONE
 0.50000000E+00  0.19458189E+00  0.93589086E-09  0.00000000E+00  0.29691276E+00  0.84303071E-08  0.10000000E+00
 ZONE
 0.50000000E+00  0.19499179E+00  0.94781311E-09  0.00000000E+00  0.28277062E+00  0.84303071E-08  0.10000000E+00
 ZONE
 0.50000000E+00  0.19538169E+00  0.95973536E-09  0.00000000E+00  0.26862849E+00  0.84303071E-08  0.10000000E+00
 ZONE
 0.50000000E+00  0.19575159E+00  0.97165762E-09  0.00000000E+00  0.25448635E+00  0.84303071E-08  0.10000000E+00
 ZONE
 0.50000000E+00  0.19610149E+00  0.98357987E-09  0.00000000E+00  0.24034422E+00  0.84303071E-08  0.10000000E+00
 ZONE
 0.50000000E+00  0.19643139E+00  0.99550213E-09  0.00000000E+00  0.22620208E+00  0.84303071E-08  0.10000000E+00
 ZONE
 0.50000000E+00  0.19674128E+00  0.10074244E-08  0.00000000E+00  0.21205995E+00  0.84303071E-08  0.10000000E+00
 ZONE
 0.50000000E+00  0.19703118E+00  0.10193466E-08  0.00000000E+00  0.19791781E+00  0.84303071E-08  0.10000000E+00
 ZONE
 0.50000000E+00  0.19730108E+00  0.10312689E-08  0.00000000E+00  0.18377567E+00  0.84303071E-08  0.10000000E+00
 ZONE
 0.50000000E+00  0.19755098E+00  0.10431911E-08  0.00000000E+00  0.16963354E+00  0.84303071E-08  0.10000000E+00
 ZONE
 0.50000000E+00  0.19778088E+00  0.10551134E-08  0.00000000E+00  0.15549140E+00  0.84303071E-08  0.10000000E+00
 ZONE
 0.50000000E+00  0.19799077E+00  0.10670357E-08  0.00000000E+00  0.14134927E+00  0.84303071E-08  0.10000000E+00
 ZONE
 0.50000000E+00  0.19818067E+00  0.10789579E-08  0.00000000E+00  0.12720713E+00  0.84303071E-08  0.10000000E+00
 ZONE
 0.50000000E+00  0.19835057E+00  0.10908802E-08  0.00000000E+00  0.11306500E+00  0.84303071E-08  0.10000000E+00
 ZONE
 0.50000000E+00  0.19850047E+00  0.11028024E-08  0.00000000E+00  0.98922860E-01  0.84303071E-08  0.10000000E+00
 ZONE
 0.50000000E+00  0.19863037E+00  0.11147247E-08  0.00000000E+00  0.84780724E-01  0.84303071E-08  0.10000000E+00
 ZONE
 0.50000000E+00  0.19874026E+00  0.11266469E-08  0.00000000E+00  0.70638589E-01  0.84303071E-08  0.10000000E+00
 ZONE
 0.50000000E+00  0.19883016E+00  0.11385692E-08  0.00000000E+00  0.56496453E-01  0.84303071E-08  0.10000000E+00
 ZONE
 0.50000000E+00  0.19890006E+00  0.11504914E-08  0.00000000E+00  0.42354318E-01  0.84303071E-08  0.10000000E+00
 ZONE
 0.50000000E+00  0.19894996E+00  0.11624137E-08  0.00000000E+00  0.28212182E-01  0.84303071E-08  0.10000000E+00
 ZONE
 0.50000000E+00  0.19897986E+00  0.11743359E-08  0.00000000E+00  0.14070046E-01  0.84303071E-08  0.10000000E+00
 ZONE
 0.50000000E+00  0.19898975E+00  0.11862582E-08  0.00000000E+00 -0.72089339E-04  0.84303071E-08  0.10000000E+00
 ZONE
 0.50000000E+00  0.19897965E+00  0.11981805E-08  0.00000000E+00 -0.14214225E-01  0.84303071E-08  0.10000000E+00
 ZONE
 0.50000000E+00  0.19894955E+00  0.12101027E-08  0.00000000E+00 -0.28356361E-01  0.84303071E-08  0.10000000E+00
 ZONE
 0.50000000E+00  0.19889945E+00  0.12220250E-08  0.00000000E+00 -0.42498496E-01  0.84303071E-08  0.10000000E+00
 ZONE
 0.50000000E+00  0.19882935E+00  0.12339472E-08  0.00000000E+00 -0.56640632E-01  0.84303071E-08  0.10000000E+00
 ZONE
 0.50000000E+00  0.19873924E+00  0.12458695E-08  0.00000000E+00 -0.70782767E-01  0.84303071E-08  0.10000000E+00
 ZONE
 0.50000000E+00  0.19862914E+00  0.12577917E-08  0.00000000E+00 -0.84924903E-01  0.84303071E-08  0.10000000E+00
 ZONE
 0.50000000E+00  0.19849904E+00  0.12697140E-08  0.00000000E+00 -0.99067039E-01  0.84303071E-08  0.10000000E+00
 ZONE
 0.50000000E+00  0.19834894E+00  0.12816362E-08  0.00000000E+00 -0.11320917E+00  0.84303071E-08  0.10000000E+00
 ZONE
 0.50000000E+00  0.19817884E+00  0.12935585E-08  0.00000000E+00 -0.12735131E+00  0.84303071E-08  0.10000000E+00
 ZONE
 0.50000000E+00  0.19798873E+00  0.13054807E-08  0.00000000E+00 -0.14149345E+00  0.84303071E-08  0.10000000E+00
 ZONE
 0.50000000E+00  0.19777863E+00  0.13174030E-08  0.00000000E+00 -0.15563558E+00  0.84303071E-08  0.10000000E+00
 ZONE
 0.50000000E+00  0.19754853E+00  0.13293253E-08  0.00000000E+00 -0.16977772E+00  0.84303071E-08  0.10000000E+00
 ZONE
 0.50000000E+00  0.19729843E+00  0.13412475E-08  0.00000000E+00 -0.18391985E+00  0.84303071E-08  0.10000000E+00
 ZONE
 0.50000000E+00  0.19702833E+00  0.13531698E-08  0.00000000E+00 -0.19806199E+00  0.84303071E-08  0.10000000E+00
 ZONE
 0.50000000E+00  0.19673822E+00  0.13650920E-08  0.00000000E+00 -0.21220412E+00  0.84303071E-08  0.10000000E+00
 ZONE
 0.50000000E+00  0.19642812E+00  0.13770143E-08  0.00000000E+00 -0.22634626E+00  0.84303071E-08  0.10000000E+00
 ZONE
 0.50000000E+00  0.19609802E+00  0.13889365E-08  0.00000000E+00 -0.24048839E+00  0.84303071E-08  0.10000000E+00
 ZONE
 0.50000000E+00  0.19574792E+00  0.14008588E-08  0.00000000E+00 -0.25463053E+00  0.84303071E-08  0.10000000E+00
 ZONE
 0.50000000E+00  0.19537782E+00  0.14127810E-08  0.00000000E+00 -0.26877267E+00  0.84303071E-08  0.10000000E+00
 ZONE
 0.50000000E+00  0.19498772E+00  0.14247033E-08  0.00000000E+00 -0.28291480E+00  0.84303071E-08  0.10000000E+00
 ZONE
 0.50000000E+00  0.19457761E+00  0.14366255E-08  0.00000000E+00 -0.29705694E+00  0.84303071E-08  0.10000000E+00
 ZONE
 0.50000000E+00  0.19414751E+00  0.14485478E-08  0.00000000E+00 -0.31119907E+00  0.84303071E-08  0.10000000E+00
 ZONE
 0.50000000E+00  0.19369741E+00  0.14604701E-08  0.00000000E+00 -0.32534121E+00  0.84303071E-08  0.10000000E+00
 ZONE
 0.50000000E+00  0.19322731E+00  0.14723923E-08  0.00000000E+00 -0.33948334E+00  0.84303071E-08  0.10000000E+00
 ZONE
 0.50000000E+00  0.19273721E+00  0.14843146E-08  0.00000000E+00 -0.35362548E+00  0.84303071E-08  0.10000000E+00
 ZONE
 0.50000000E+00  0.19222710E+00  0.14962368E-08  0.00000000E+00 -0.36776762E+00  0.84303071E-08  0.10000000E+00
 ZONE
 0.50000000E+00  0.19169700E+00  0.15081591E-08  0.00000000E+00 -0.38190975E+00  0.84303071E-08  0.10000000E+00
 ZONE
 0.50000000E+00  0.19114690E+00  0.15200813E-08  0.00000000E+00 -0.39605189E+00  0.84303071E-08  0.10000000E+00
 ZONE
 0.50000000E+00  0.19057680E+00  0.15320036E-08  0.00000000E+00 -0.41019402E+00  0.84303071E-08  0.10000000E+00
 ZONE
 0.50000000E+00  0.18998670E+00  0.15439258E-08  0.00000000E+00 -0.42433616E+00  0.84303071E-08  0.10000000E+00
 ZONE
 0.50000000E+00  0.18937659E+00  0.15558481E-08  0.00000000E+00 -0.43847829E+00  0.84303071E-08  0.10000000E+00
 ZONE
 0.50000000E+00  0.18874649E+00  0.15677703E-08  0.00000000E+00 -0.45262043E+00  0.84303071E-08  0.10000000E+00
 ZONE
 0.50000000E+00  0.18809639E+00  0.15796926E-08  0.00000000E+00 -0.46676256E+00  0.84303071E-08  0.10000000E+00
 ZONE
 0.50000000E+00  0.18742629E+00  0.15916149E-08  0.00000000E+00 -0.48090470E+00  0.84303071E-08  0.10000000E+00
 ZONE
 0.50000000E+00  0.18673619E+00  0.16035371E-08  0.00000000E+00 -0.49504684E+00  0.84303071E-08  0.10000000E+00
 ZONE
 0.50000000E+00  0.18602608E+00  0.16154594E-08  0.00000000E+00 -0.50918897E+00  0.84303071E-08  0.10000000E+00
 ZONE
 0.50000000E+00  0.18529598E+00  0.16273816E-08  0.00000000E+00 -0.52333111E+00  0.84303071E-08  0.10000000E+00
 ZONE
 0.50000000E+00  0.18454588E+00  0.16393039E-08  0.00000000E+00 -0.53747324E+00  0.84303071E-08  0.10000000E+00
 ZONE
 0.50000000E+00  0.18377578E+00  0.16512261E-08  0.00000000E+00 -0.55161538E+00  0.84303071E-08  0.10000000E+00
 ZONE
 0.50000000E+00  0.18298568E+00  0.16631484E-08  0.00000000E+00 -0.56575751E+00  0.84303071E-08  0.10000000E+00
