 0.14142136E-02  0.49999000E+00  0.49999000E+00  0.55511151E-16
 0.28284271E-02  0.49996000E+00  0.49996000E+00  0.00000000E+00
 0.42426407E-02  0.49991000E+00  0.49991000E+00  0.00000000E+00
 0.56568542E-02  0.49984000E+00  0.49984000E+00  0.55511151E-16
 0.70710678E-02  0.49975000E+00  0.49975000E+00  0.55511151E-16
 0.84852814E-02  0.49964000E+00  0.49964000E+00  0.55511151E-16
 0.98994949E-02  0.49951000E+00  0.49951000E+00  0.55511151E-16
 0.11313708E-01  0.49936000E+00  0.49936000E+00  0.00000000E+00
 0.12727922E-01  0.49919000E+00  0.49919000E+00  0.00000000E+00
 0.14142136E-01  0.49900000E+00  0.49900000E+00  0.55511151E-16
 0.15556349E-01  0.49879000E+00  0.49879000E+00  0.55511151E-16
 0.16970563E-01  0.49856000E+00  0.49856000E+00  0.55511151E-16
 0.18384776E-01  0.49831000E+00  0.49831000E+00  0.55511151E-16
 0.19798990E-01  0.49804000E+00  0.49804000E+00  0.00000000E+00
 0.21213203E-01  0.49775000E+00  0.49775000E+00  0.55511151E-16
 0.22627417E-01  0.49744000E+00  0.49744000E+00  0.11102230E-15
 0.24041631E-01  0.49711000E+00  0.49711000E+00  0.11102230E-15
 0.25455844E-01  0.49676000E+00  0.49676000E+00  0.11102230E-15
 0.26870058E-01  0.49639000E+00  0.49639000E+00  0.55511151E-16
 0.28284271E-01  0.49600000E+00  0.49600000E+00  0.00000000E+00
 0.29698485E-01  0.49559000E+00  0.49559000E+00  0.55511151E-16
 0.31112698E-01  0.49516000E+00  0.49516000E+00  0.11102230E-15
 0.32526912E-01  0.49471000E+00  0.49471000E+00  0.55511151E-16
 0.33941125E-01  0.49424000E+00  0.49424000E+00  0.55511151E-16
 0.35355339E-01  0.49375000E+00  0.49375000E+00  0.55511151E-16
 0.36769553E-01  0.49324000E+00  0.49324000E+00  0.11102230E-15
 0.38183766E-01  0.49271000E+00  0.49271000E+00  0.16653345E-15
 0.39597980E-01  0.49216000E+00  0.49216000E+00  0.11102230E-15
 0.41012193E-01  0.49159000E+00  0.49159000E+00  0.11102230E-15
 0.42426407E-01  0.49100000E+00  0.49100000E+00  0.11102230E-15
 0.43840620E-01  0.49039000E+00  0.49039000E+00  0.11102230E-15
 0.45254834E-01  0.48976000E+00  0.48976000E+00  0.11102230E-15
 0.46669048E-01  0.48911000E+00  0.48911000E+00  0.11102230E-15
 0.48083261E-01  0.48844000E+00  0.48844000E+00  0.11102230E-15
 0.49497475E-01  0.48775000E+00  0.48775000E+00  0.11102230E-15
 0.50911688E-01  0.48704000E+00  0.48704000E+00  0.11102230E-15
 0.52325902E-01  0.48631000E+00  0.48631000E+00  0.11102230E-15
 0.53740115E-01  0.48556000E+00  0.48556000E+00  0.11102230E-15
 0.55154329E-01  0.48479000E+00  0.48479000E+00  0.11102230E-15
 0.56568542E-01  0.48400000E+00  0.48400000E+00  0.11102230E-15
 0.57982756E-01  0.48319000E+00  0.48319000E+00  0.00000000E+00
 0.59396970E-01  0.48236000E+00  0.48236000E+00  0.55511151E-16
 0.60811183E-01  0.48151000E+00  0.48151000E+00  0.11102230E-15
 0.62225397E-01  0.48064000E+00  0.48064000E+00  0.11102230E-15
 0.63639610E-01  0.47975000E+00  0.47975000E+00  0.11102230E-15
 0.65053824E-01  0.47884000E+00  0.47884000E+00  0.16653345E-15
 0.66468037E-01  0.47791000E+00  0.47791000E+00  0.55511151E-16
 0.67882251E-01  0.47696000E+00  0.47696000E+00  0.55511151E-16
 0.69296465E-01  0.47599000E+00  0.47599000E+00  0.00000000E+00
 0.70710678E-01  0.47500000E+00  0.47500000E+00  0.55511151E-16
 0.72124892E-01  0.47399000E+00  0.47399000E+00  0.55511151E-16
 0.73539105E-01  0.47296000E+00  0.47296000E+00  0.55511151E-16
 0.74953319E-01  0.47191000E+00  0.47191000E+00  0.55511151E-16
 0.76367532E-01  0.47084000E+00  0.47084000E+00  0.11102230E-15
 0.77781746E-01  0.46975000E+00  0.46975000E+00  0.55511151E-16
 0.79195959E-01  0.46864000E+00  0.46864000E+00  0.11102230E-15
 0.80610173E-01  0.46751000E+00  0.46751000E+00  0.00000000E+00
 0.82024387E-01  0.46636000E+00  0.46636000E+00  0.00000000E+00
 0.83438600E-01  0.46519000E+00  0.46519000E+00  0.55511151E-16
 0.84852814E-01  0.46400000E+00  0.46400000E+00  0.55511151E-16
 0.86267027E-01  0.46279000E+00  0.46279000E+00  0.55511151E-16
 0.87681241E-01  0.46156000E+00  0.46156000E+00  0.55511151E-16
 0.89095454E-01  0.46031000E+00  0.46031000E+00  0.55511151E-16
 0.90509668E-01  0.45904000E+00  0.45904000E+00  0.00000000E+00
 0.91923882E-01  0.45775000E+00  0.45775000E+00  0.55511151E-16
 0.93338095E-01  0.45644000E+00  0.45644000E+00  0.00000000E+00
 0.94752309E-01  0.45511000E+00  0.45511000E+00  0.00000000E+00
 0.96166522E-01  0.45376000E+00  0.45376000E+00  0.00000000E+00
 0.97580736E-01  0.45239000E+00  0.45239000E+00  0.55511151E-16
 0.98994949E-01  0.45100000E+00  0.45100000E+00  0.00000000E+00
 0.10040916E+00  0.44959000E+00  0.44959000E+00  0.55511151E-16
 0.10182338E+00  0.44816000E+00  0.44816000E+00  0.00000000E+00
 0.10323759E+00  0.44671000E+00  0.44671000E+00  0.11102230E-15
 0.10465180E+00  0.44524000E+00  0.44524000E+00  0.11102230E-15
 0.10606602E+00  0.44375000E+00  0.44375000E+00  0.11102230E-15
 0.10748023E+00  0.44224000E+00  0.44224000E+00  0.00000000E+00
 0.10889444E+00  0.44071000E+00  0.44071000E+00  0.00000000E+00
 0.11030866E+00  0.43916000E+00  0.43916000E+00  0.55511151E-16
 0.11172287E+00  0.43759000E+00  0.43759000E+00  0.55511151E-16
 0.11313708E+00  0.43600000E+00  0.43600000E+00  0.55511151E-16
 0.11455130E+00  0.43439000E+00  0.43439000E+00  0.16653345E-15
 0.11596551E+00  0.43276000E+00  0.43276000E+00  0.55511151E-16
 0.11737973E+00  0.43111000E+00  0.43111000E+00  0.11102230E-15
 0.11879394E+00  0.42944000E+00  0.42944000E+00  0.55511151E-16
 0.12020815E+00  0.42775000E+00  0.42775000E+00  0.11102230E-15
 0.12162237E+00  0.42604000E+00  0.42604000E+00  0.00000000E+00
 0.12303658E+00  0.42431000E+00  0.42431000E+00  0.00000000E+00
 0.12445079E+00  0.42256000E+00  0.42256000E+00  0.11102230E-15
 0.12586501E+00  0.42079000E+00  0.42079000E+00  0.11102230E-15
 0.12727922E+00  0.41900000E+00  0.41900000E+00  0.11102230E-15
 0.12869343E+00  0.41719000E+00  0.41719000E+00  0.16653345E-15
 0.13010765E+00  0.41536000E+00  0.41536000E+00  0.11102230E-15
 0.13152186E+00  0.41351000E+00  0.41351000E+00  0.11102230E-15
 0.13293607E+00  0.41164000E+00  0.41164000E+00  0.00000000E+00
 0.13435029E+00  0.40975000E+00  0.40975000E+00  0.22204460E-15
 0.13576450E+00  0.40784000E+00  0.40784000E+00  0.00000000E+00
 0.13717872E+00  0.40591000E+00  0.40591000E+00  0.27755576E-15
 0.13859293E+00  0.40396000E+00  0.40396000E+00  0.22204460E-15
 0.14000714E+00  0.40199000E+00  0.40199000E+00  0.22204460E-15
 0.14142136E+00  0.40000000E+00  0.40000000E+00  0.16653345E-15
 0.14283557E+00  0.39799000E+00  0.39799000E+00  0.22204460E-15
 0.14424978E+00  0.39596000E+00  0.39596000E+00  0.16653345E-15
 0.14566400E+00  0.39391000E+00  0.39391000E+00  0.22204460E-15
 0.14707821E+00  0.39184000E+00  0.39184000E+00  0.27755576E-15
 0.14849242E+00  0.38975000E+00  0.38975000E+00  0.33306691E-15
 0.14990664E+00  0.38764000E+00  0.38764000E+00  0.22204460E-15
 0.15132085E+00  0.38551000E+00  0.38551000E+00  0.33306691E-15
 0.15273506E+00  0.38336000E+00  0.38336000E+00  0.27755576E-15
 0.15414928E+00  0.38119000E+00  0.38119000E+00  0.33306691E-15
 0.15556349E+00  0.37900000E+00  0.37900000E+00  0.22204460E-15
 0.15697771E+00  0.37679000E+00  0.37679000E+00  0.44408921E-15
 0.15839192E+00  0.37456000E+00  0.37456000E+00  0.22204460E-15
 0.15980613E+00  0.37231000E+00  0.37231000E+00  0.49960036E-15
 0.16122035E+00  0.37004000E+00  0.37004000E+00  0.38857806E-15
 0.16263456E+00  0.36775000E+00  0.36775000E+00  0.44408921E-15
 0.16404877E+00  0.36544000E+00  0.36544000E+00  0.33306691E-15
 0.16546299E+00  0.36311000E+00  0.36311000E+00  0.38857806E-15
 0.16687720E+00  0.36076000E+00  0.36076000E+00  0.33306691E-15
 0.16829141E+00  0.35839000E+00  0.35839000E+00  0.38857806E-15
 0.16970563E+00  0.35600000E+00  0.35600000E+00  0.55511151E-15
 0.17111984E+00  0.35359000E+00  0.35359000E+00  0.55511151E-15
 0.17253405E+00  0.35116000E+00  0.35116000E+00  0.44408921E-15
 0.17394827E+00  0.34871000E+00  0.34871000E+00  0.49960036E-15
 0.17536248E+00  0.34624000E+00  0.34624000E+00  0.44408921E-15
 0.17677670E+00  0.34375000E+00  0.34375000E+00  0.55511151E-15
 0.17819091E+00  0.34124000E+00  0.34124000E+00  0.38857806E-15
 0.17960512E+00  0.33871000E+00  0.33871000E+00  0.66613381E-15
 0.18101934E+00  0.33616000E+00  0.33616000E+00  0.38857806E-15
 0.18243355E+00  0.33359000E+00  0.33359000E+00  0.66613381E-15
 0.18384776E+00  0.33100000E+00  0.33100000E+00  0.61062266E-15
 0.18526198E+00  0.32839000E+00  0.32839000E+00  0.66613381E-15
 0.18667619E+00  0.32576000E+00  0.32576000E+00  0.55511151E-15
 0.18809040E+00  0.32311000E+00  0.32311000E+00  0.61062266E-15
 0.18950462E+00  0.32044000E+00  0.32044000E+00  0.49960036E-15
 0.19091883E+00  0.31775000E+00  0.31775000E+00  0.61062266E-15
 0.19233304E+00  0.31504000E+00  0.31504000E+00  0.77715612E-15
 0.19374726E+00  0.31231000E+00  0.31231000E+00  0.83266727E-15
 0.19516147E+00  0.30956000E+00  0.30956000E+00  0.72164497E-15
 0.19657569E+00  0.30679000E+00  0.30679000E+00  0.77715612E-15
 0.19798990E+00  0.30400000E+00  0.30400000E+00  0.72164497E-15
 0.19940411E+00  0.30119000E+00  0.30119000E+00  0.83266727E-15
 0.20081833E+00  0.29836000E+00  0.29836000E+00  0.72164497E-15
 0.20223254E+00  0.29551000E+00  0.29551000E+00  0.94368957E-15
 0.20364675E+00  0.29264000E+00  0.29264000E+00  0.66613381E-15
 0.20506097E+00  0.28975000E+00  0.28975000E+00  0.94368957E-15
 0.20647518E+00  0.28684000E+00  0.28684000E+00  0.88817842E-15
 0.20788939E+00  0.28391000E+00  0.28391000E+00  0.99920072E-15
 0.20930361E+00  0.28096000E+00  0.28096000E+00  0.94368957E-15
 0.21071782E+00  0.27799000E+00  0.27799000E+00  0.99920072E-15
 0.21213203E+00  0.27500000E+00  0.27500000E+00  0.83266727E-15
 0.21354625E+00  0.27199000E+00  0.27199000E+00  0.94368957E-15
 0.21496046E+00  0.26896000E+00  0.26896000E+00  0.11102230E-14
 0.21637468E+00  0.26591000E+00  0.26591000E+00  0.11657342E-14
 0.21778889E+00  0.26284000E+00  0.26284000E+00  0.99920072E-15
 0.21920310E+00  0.25975000E+00  0.25975000E+00  0.11102230E-14
 0.22061732E+00  0.25664000E+00  0.25664000E+00  0.99920072E-15
 0.22203153E+00  0.25351000E+00  0.25351000E+00  0.11102230E-14
 0.22344574E+00  0.25036000E+00  0.25036000E+00  0.10547119E-14
 0.22485996E+00  0.24719000E+00  0.24719000E+00  0.13600232E-14
 0.22627417E+00  0.24400000E+00  0.24400000E+00  0.10269563E-14
 0.22768838E+00  0.24079000E+00  0.24079000E+00  0.13322676E-14
 0.22910260E+00  0.23756000E+00  0.23756000E+00  0.12490009E-14
 0.23051681E+00  0.23431000E+00  0.23431000E+00  0.13322676E-14
 0.23193102E+00  0.23104000E+00  0.23104000E+00  0.12212453E-14
 0.23334524E+00  0.22775000E+00  0.22775000E+00  0.13322676E-14
 0.23475945E+00  0.22444000E+00  0.22444000E+00  0.12212453E-14
 0.23617366E+00  0.22111000E+00  0.22111000E+00  0.13045121E-14
 0.23758788E+00  0.21776000E+00  0.21776000E+00  0.14710455E-14
 0.23900209E+00  0.21439000E+00  0.21439000E+00  0.15543122E-14
 0.24041631E+00  0.21100000E+00  0.21100000E+00  0.14432899E-14
 0.24183052E+00  0.20759000E+00  0.20759000E+00  0.15543122E-14
 0.24324473E+00  0.20416000E+00  0.20416000E+00  0.14155344E-14
 0.24465895E+00  0.20071000E+00  0.20071000E+00  0.15265567E-14
 0.24607316E+00  0.19724000E+00  0.19724000E+00  0.14155344E-14
 0.24748737E+00  0.19375000E+00  0.19375000E+00  0.17486013E-14
 0.24890159E+00  0.19024000E+00  0.19024000E+00  0.13877788E-14
 0.25031580E+00  0.18671000E+00  0.18671000E+00  0.15265567E-14
 0.25173001E+00  0.18316000E+00  0.18316000E+00  0.16375790E-14
 0.25314423E+00  0.17959000E+00  0.17959000E+00  0.17486013E-14
 0.25455844E+00  0.17600000E+00  0.17600000E+00  0.16375790E-14
 0.25597265E+00  0.17239000E+00  0.17239000E+00  0.15265567E-14
 0.25738687E+00  0.16876000E+00  0.16876000E+00  0.16653345E-14
 0.25880108E+00  0.16511000E+00  0.16511000E+00  0.17486013E-14
 0.26021530E+00  0.16144000E+00  0.16144000E+00  0.18873791E-14
 0.26162951E+00  0.15775000E+00  0.15775000E+00  0.15265567E-14
 0.26304372E+00  0.15404000E+00  0.15404000E+00  0.18596236E-14
 0.26445794E+00  0.15031000E+00  0.15031000E+00  0.19984014E-14
 0.26587215E+00  0.14656000E+00  0.14656000E+00  0.18596236E-14
 0.26728636E+00  0.14279000E+00  0.14279000E+00  0.17486013E-14
 0.26870058E+00  0.13900000E+00  0.13900000E+00  0.18596236E-14
 0.27011479E+00  0.13519000E+00  0.13519000E+00  0.22204460E-14
 0.27152900E+00  0.13136000E+00  0.13136000E+00  0.18596236E-14
 0.27294322E+00  0.12751000E+00  0.12751000E+00  0.19984014E-14
 0.27435743E+00  0.12364000E+00  0.12364000E+00  0.21233015E-14
 0.27577164E+00  0.11975000E+00  0.11975000E+00  0.22482016E-14
 0.27718586E+00  0.11584000E+00  0.11584000E+00  0.21233015E-14
 0.27860007E+00  0.11191000E+00  0.11191000E+00  0.19984014E-14
 0.28001429E+00  0.10796000E+00  0.10796000E+00  0.21233015E-14
 0.28142850E+00  0.10399000E+00  0.10399000E+00  0.22482016E-14
 0.28284271E+00  0.10000000E+00  0.10000000E+00  0.29802306E-08
 0.28425693E+00  0.99996084E-01  0.10399000E+00  0.39939190E-02
 0.28567114E+00  0.10397825E+00  0.10796000E+00  0.39817510E-02
 0.28708535E+00  0.10794042E+00  0.11191000E+00  0.39695830E-02
 0.28849957E+00  0.11188259E+00  0.11584000E+00  0.39574150E-02
 0.28991378E+00  0.11580476E+00  0.11975000E+00  0.39452470E-02
 0.29132799E+00  0.11970692E+00  0.12364000E+00  0.39330791E-02
 0.29274221E+00  0.12358909E+00  0.12751000E+00  0.39209111E-02
 0.29415642E+00  0.12745126E+00  0.13136000E+00  0.39087431E-02
 0.29557063E+00  0.13129343E+00  0.13519000E+00  0.38965751E-02
 0.29698485E+00  0.13511560E+00  0.13900000E+00  0.38844071E-02
 0.29839906E+00  0.13891776E+00  0.14279000E+00  0.38722392E-02
 0.29981328E+00  0.14269993E+00  0.14656000E+00  0.38600712E-02
 0.30122749E+00  0.14646210E+00  0.15031000E+00  0.38479032E-02
 0.30264170E+00  0.15020427E+00  0.15404000E+00  0.38357352E-02
 0.30405592E+00  0.15392644E+00  0.15775000E+00  0.38235672E-02
 0.30547013E+00  0.15762860E+00  0.16144000E+00  0.38113992E-02
 0.30688434E+00  0.16131077E+00  0.16511000E+00  0.37992313E-02
 0.30829856E+00  0.16497294E+00  0.16876000E+00  0.37870633E-02
 0.30971277E+00  0.16861511E+00  0.17239000E+00  0.37748953E-02
 0.31112698E+00  0.17223728E+00  0.17600000E+00  0.37627273E-02
 0.31254120E+00  0.17583944E+00  0.17959000E+00  0.37505593E-02
 0.31395541E+00  0.17942161E+00  0.18316000E+00  0.37383913E-02
 0.31536962E+00  0.18298378E+00  0.18671000E+00  0.37262234E-02
 0.31678384E+00  0.18652595E+00  0.19024000E+00  0.37140554E-02
 0.31819805E+00  0.19004812E+00  0.19375000E+00  0.37018874E-02
 0.31961227E+00  0.19355028E+00  0.19724000E+00  0.36897194E-02
 0.32102648E+00  0.19703245E+00  0.20071000E+00  0.36775514E-02
 0.32244069E+00  0.20049462E+00  0.20416000E+00  0.36653834E-02
 0.32385491E+00  0.20393679E+00  0.20759000E+00  0.36532155E-02
 0.32526912E+00  0.20735896E+00  0.21100000E+00  0.36410475E-02
 0.32668333E+00  0.21076112E+00  0.21439000E+00  0.36288795E-02
 0.32809755E+00  0.21414329E+00  0.21776000E+00  0.36167115E-02
 0.32951176E+00  0.21750546E+00  0.22111000E+00  0.36045435E-02
 0.33092597E+00  0.22084763E+00  0.22444000E+00  0.35923755E-02
 0.33234019E+00  0.22416979E+00  0.22775000E+00  0.35802076E-02
 0.33375440E+00  0.22747196E+00  0.23104000E+00  0.35680396E-02
 0.33516861E+00  0.23075413E+00  0.23431000E+00  0.35558716E-02
 0.33658283E+00  0.23401630E+00  0.23756000E+00  0.35437036E-02
 0.33799704E+00  0.23725847E+00  0.24079000E+00  0.35315356E-02
 0.33941125E+00  0.24048063E+00  0.24400000E+00  0.35193676E-02
 0.34082547E+00  0.24368280E+00  0.24719000E+00  0.35071997E-02
 0.34223968E+00  0.24686497E+00  0.25036000E+00  0.34950317E-02
 0.34365390E+00  0.25002714E+00  0.25351000E+00  0.34828637E-02
 0.34506811E+00  0.25316931E+00  0.25664000E+00  0.34706957E-02
 0.34648232E+00  0.25629147E+00  0.25975000E+00  0.34585277E-02
 0.34789654E+00  0.25939364E+00  0.26284000E+00  0.34463597E-02
 0.34931075E+00  0.26247581E+00  0.26591000E+00  0.34341918E-02
 0.35072496E+00  0.26553798E+00  0.26896000E+00  0.34220238E-02
 0.35213918E+00  0.26858015E+00  0.27199000E+00  0.34098558E-02
 0.35355339E+00  0.27160231E+00  0.27500000E+00  0.33976878E-02
 0.35496760E+00  0.27460448E+00  0.27799000E+00  0.33855198E-02
 0.35638182E+00  0.27758665E+00  0.28096000E+00  0.33733518E-02
 0.35779603E+00  0.28054882E+00  0.28391000E+00  0.33611839E-02
 0.35921024E+00  0.28349099E+00  0.28684000E+00  0.33490159E-02
 0.36062446E+00  0.28641315E+00  0.28975000E+00  0.33368479E-02
 0.36203867E+00  0.28931532E+00  0.29264000E+00  0.33246799E-02
 0.36345289E+00  0.29219749E+00  0.29551000E+00  0.33125119E-02
 0.36486710E+00  0.29505966E+00  0.29836000E+00  0.33003440E-02
 0.36628131E+00  0.29790183E+00  0.30119000E+00  0.32881760E-02
 0.36769553E+00  0.30072399E+00  0.30400000E+00  0.32760080E-02
 0.36910974E+00  0.30352616E+00  0.30679000E+00  0.32638400E-02
 0.37052395E+00  0.30630833E+00  0.30956000E+00  0.32516720E-02
 0.37193817E+00  0.30907050E+00  0.31231000E+00  0.32395040E-02
 0.37335238E+00  0.31181267E+00  0.31504000E+00  0.32273361E-02
 0.37476659E+00  0.31453483E+00  0.31775000E+00  0.32151681E-02
 0.37618081E+00  0.31723700E+00  0.32044000E+00  0.32030001E-02
 0.37759502E+00  0.31991917E+00  0.32311000E+00  0.31908321E-02
 0.37900923E+00  0.32258134E+00  0.32576000E+00  0.31786641E-02
 0.38042345E+00  0.32522351E+00  0.32839000E+00  0.31664961E-02
 0.38183766E+00  0.32784567E+00  0.33100000E+00  0.31543282E-02
 0.38325188E+00  0.33044784E+00  0.33359000E+00  0.31421602E-02
 0.38466609E+00  0.33303001E+00  0.33616000E+00  0.31299922E-02
 0.38608030E+00  0.33559218E+00  0.33871000E+00  0.31178242E-02
 0.38749452E+00  0.33813435E+00  0.34124000E+00  0.31056562E-02
 0.38890873E+00  0.34065651E+00  0.34375000E+00  0.30934882E-02
 0.39032294E+00  0.34315868E+00  0.34624000E+00  0.30813203E-02
 0.39173716E+00  0.34564085E+00  0.34871000E+00  0.30691523E-02
 0.39315137E+00  0.34810302E+00  0.35116000E+00  0.30569843E-02
 0.39456558E+00  0.35054519E+00  0.35359000E+00  0.30448163E-02
 0.39597980E+00  0.35296735E+00  0.35600000E+00  0.30326483E-02
 0.39739401E+00  0.35536952E+00  0.35839000E+00  0.30204803E-02
 0.39880822E+00  0.35775169E+00  0.36076000E+00  0.30083124E-02
 0.40022244E+00  0.36011386E+00  0.36311000E+00  0.29961444E-02
 0.40163665E+00  0.36245603E+00  0.36544000E+00  0.29839764E-02
 0.40305087E+00  0.36477819E+00  0.36775000E+00  0.29718084E-02
 0.40446508E+00  0.36708036E+00  0.37004000E+00  0.29596404E-02
 0.40587929E+00  0.36936253E+00  0.37231000E+00  0.29474724E-02
 0.40729351E+00  0.37162470E+00  0.37456000E+00  0.29353045E-02
 0.40870772E+00  0.37386687E+00  0.37679000E+00  0.29231365E-02
 0.41012193E+00  0.37608903E+00  0.37900000E+00  0.29109685E-02
 0.41153615E+00  0.37829120E+00  0.38119000E+00  0.28988005E-02
 0.41295036E+00  0.38047337E+00  0.38336000E+00  0.28866325E-02
 0.41436457E+00  0.38263554E+00  0.38551000E+00  0.28744645E-02
 0.41577879E+00  0.38477771E+00  0.38764000E+00  0.28622966E-02
 0.41719300E+00  0.38689987E+00  0.38975000E+00  0.28501286E-02
 0.41860721E+00  0.38900204E+00  0.39184000E+00  0.28379606E-02
 0.42002143E+00  0.39108421E+00  0.39391000E+00  0.28257926E-02
 0.42143564E+00  0.39314638E+00  0.39596000E+00  0.28136246E-02
 0.42284986E+00  0.39518854E+00  0.39799000E+00  0.28014566E-02
 0.42426407E+00  0.39721071E+00  0.40000000E+00  0.27892887E-02
 0.42567828E+00  0.39921288E+00  0.40199000E+00  0.27771207E-02
 0.42709250E+00  0.40119505E+00  0.40396000E+00  0.27649527E-02
 0.42850671E+00  0.40315722E+00  0.40591000E+00  0.27527847E-02
 0.42992092E+00  0.40509938E+00  0.40784000E+00  0.27406167E-02
 0.43133514E+00  0.40702155E+00  0.40975000E+00  0.27284487E-02
 0.43274935E+00  0.40892372E+00  0.41164000E+00  0.27162808E-02
 0.43416356E+00  0.41080589E+00  0.41351000E+00  0.27041128E-02
 0.43557778E+00  0.41266806E+00  0.41536000E+00  0.26919448E-02
 0.43699199E+00  0.41451022E+00  0.41719000E+00  0.26797768E-02
 0.43840620E+00  0.41633239E+00  0.41900000E+00  0.26676088E-02
 0.43982042E+00  0.41813456E+00  0.42079000E+00  0.26554409E-02
 0.44123463E+00  0.41991673E+00  0.42256000E+00  0.26432729E-02
 0.44264885E+00  0.42167890E+00  0.42431000E+00  0.26311049E-02
 0.44406306E+00  0.42342106E+00  0.42604000E+00  0.26189369E-02
 0.44547727E+00  0.42514323E+00  0.42775000E+00  0.26067689E-02
 0.44689149E+00  0.42684540E+00  0.42944000E+00  0.25946009E-02
 0.44830570E+00  0.42852757E+00  0.43111000E+00  0.25824330E-02
 0.44971991E+00  0.43018974E+00  0.43276000E+00  0.25702650E-02
 0.45113413E+00  0.43183190E+00  0.43439000E+00  0.25580970E-02
 0.45254834E+00  0.43345407E+00  0.43600000E+00  0.25459290E-02
 0.45396255E+00  0.43505624E+00  0.43759000E+00  0.25337610E-02
 0.45537677E+00  0.43663841E+00  0.43916000E+00  0.25215930E-02
 0.45679098E+00  0.43820058E+00  0.44071000E+00  0.25094251E-02
 0.45820519E+00  0.43974274E+00  0.44224000E+00  0.24972571E-02
 0.45961941E+00  0.44126491E+00  0.44375000E+00  0.24850891E-02
 0.46103362E+00  0.44276708E+00  0.44524000E+00  0.24729211E-02
 0.46244783E+00  0.44424925E+00  0.44671000E+00  0.24607531E-02
 0.46386205E+00  0.44571142E+00  0.44816000E+00  0.24485851E-02
 0.46527626E+00  0.44715358E+00  0.44959000E+00  0.24364172E-02
 0.46669048E+00  0.44857575E+00  0.45100000E+00  0.24242492E-02
 0.46810469E+00  0.44997792E+00  0.45239000E+00  0.24120812E-02
 0.46951890E+00  0.45136009E+00  0.45376000E+00  0.23999132E-02
 0.47093312E+00  0.45272226E+00  0.45511000E+00  0.23877452E-02
 0.47234733E+00  0.45406442E+00  0.45644000E+00  0.23755772E-02
 0.47376154E+00  0.45538659E+00  0.45775000E+00  0.23634093E-02
 0.47517576E+00  0.45668876E+00  0.45904000E+00  0.23512413E-02
 0.47658997E+00  0.45797093E+00  0.46031000E+00  0.23390733E-02
 0.47800418E+00  0.45923310E+00  0.46156000E+00  0.23269053E-02
 0.47941840E+00  0.46047526E+00  0.46279000E+00  0.23147373E-02
 0.48083261E+00  0.46169743E+00  0.46400000E+00  0.23025693E-02
 0.48224682E+00  0.46289960E+00  0.46519000E+00  0.22904014E-02
 0.48366104E+00  0.46408177E+00  0.46636000E+00  0.22782334E-02
 0.48507525E+00  0.46524394E+00  0.46751000E+00  0.22660654E-02
 0.48648947E+00  0.46638610E+00  0.46864000E+00  0.22538974E-02
 0.48790368E+00  0.46750827E+00  0.46975000E+00  0.22417294E-02
 0.48931789E+00  0.46861044E+00  0.47084000E+00  0.22295614E-02
 0.49073211E+00  0.46969261E+00  0.47191000E+00  0.22173935E-02
 0.49214632E+00  0.47075478E+00  0.47296000E+00  0.22052255E-02
 0.49356053E+00  0.47179694E+00  0.47399000E+00  0.21930575E-02
 0.49497475E+00  0.47281911E+00  0.47500000E+00  0.21808895E-02
 0.49638896E+00  0.47382128E+00  0.47599000E+00  0.21687215E-02
 0.49780317E+00  0.47480345E+00  0.47696000E+00  0.21565535E-02
 0.49921739E+00  0.47576562E+00  0.47791000E+00  0.21443856E-02
 0.50063160E+00  0.47670778E+00  0.47884000E+00  0.21322176E-02
 0.50204581E+00  0.47762995E+00  0.47975000E+00  0.21200496E-02
 0.50346003E+00  0.47853212E+00  0.48064000E+00  0.21078816E-02
 0.50487424E+00  0.47941429E+00  0.48151000E+00  0.20957136E-02
 0.50628846E+00  0.48027645E+00  0.48236000E+00  0.20835457E-02
 0.50770267E+00  0.48111862E+00  0.48319000E+00  0.20713777E-02
 0.50911688E+00  0.48194079E+00  0.48400000E+00  0.20592097E-02
 0.51053110E+00  0.48274296E+00  0.48479000E+00  0.20470417E-02
 0.51194531E+00  0.48352513E+00  0.48556000E+00  0.20348737E-02
 0.51335952E+00  0.48428729E+00  0.48631000E+00  0.20227057E-02
 0.51477374E+00  0.48502946E+00  0.48704000E+00  0.20105378E-02
 0.51618795E+00  0.48575163E+00  0.48775000E+00  0.19983698E-02
 0.51760216E+00  0.48645380E+00  0.48844000E+00  0.19862018E-02
 0.51901638E+00  0.48713597E+00  0.48911000E+00  0.19740338E-02
 0.52043059E+00  0.48779813E+00  0.48976000E+00  0.19618658E-02
 0.52184480E+00  0.48844030E+00  0.49039000E+00  0.19496978E-02
 0.52325902E+00  0.48906247E+00  0.49100000E+00  0.19375299E-02
 0.52467323E+00  0.48966464E+00  0.49159000E+00  0.19253619E-02
 0.52608745E+00  0.49024681E+00  0.49216000E+00  0.19131939E-02
 0.52750166E+00  0.49080897E+00  0.49271000E+00  0.19010259E-02
 0.52891587E+00  0.49135114E+00  0.49324000E+00  0.18888579E-02
 0.53033009E+00  0.49187331E+00  0.49375000E+00  0.18766899E-02
 0.53174430E+00  0.49237548E+00  0.49424000E+00  0.18645220E-02
 0.53315851E+00  0.49285765E+00  0.49471000E+00  0.18523540E-02
 0.53457273E+00  0.49331981E+00  0.49516000E+00  0.18401860E-02
 0.53598694E+00  0.49376198E+00  0.49559000E+00  0.18280180E-02
 0.53740115E+00  0.49418415E+00  0.49600000E+00  0.18158500E-02
 0.53881537E+00  0.49458632E+00  0.49639000E+00  0.18036820E-02
 0.54022958E+00  0.49496849E+00  0.49676000E+00  0.17915141E-02
 0.54164379E+00  0.49533065E+00  0.49711000E+00  0.17793461E-02
 0.54305801E+00  0.49567282E+00  0.49744000E+00  0.17671781E-02
 0.54447222E+00  0.49599499E+00  0.49775000E+00  0.17550101E-02
 0.54588644E+00  0.49629716E+00  0.49804000E+00  0.17428421E-02
 0.54730065E+00  0.49657933E+00  0.49831000E+00  0.17306741E-02
 0.54871486E+00  0.49684149E+00  0.49856000E+00  0.17185062E-02
 0.55012908E+00  0.49708366E+00  0.49879000E+00  0.17063382E-02
 0.55154329E+00  0.49730583E+00  0.49900000E+00  0.16941702E-02
 0.55295750E+00  0.49750800E+00  0.49919000E+00  0.16820022E-02
 0.55437172E+00  0.49769017E+00  0.49936000E+00  0.16698342E-02
 0.55578593E+00  0.49785233E+00  0.49951000E+00  0.16576662E-02
 0.55720014E+00  0.49799450E+00  0.49964000E+00  0.16454983E-02
 0.55861436E+00  0.49811667E+00  0.49975000E+00  0.16333303E-02
 0.56002857E+00  0.49821884E+00  0.49984000E+00  0.16211623E-02
 0.56144278E+00  0.49830101E+00  0.49991000E+00  0.16089943E-02
 0.56285700E+00  0.49836317E+00  0.49996000E+00  0.15968263E-02
 0.56427121E+00  0.49840534E+00  0.49999000E+00  0.15846583E-02
 0.56568542E+00  0.49842751E+00  0.50000000E+00  0.15724904E-02
 0.56709964E+00  0.49842968E+00  0.49999000E+00  0.15603224E-02
 0.56851385E+00  0.49841185E+00  0.49996000E+00  0.15481544E-02
 0.56992807E+00  0.49837401E+00  0.49991000E+00  0.15359864E-02
 0.57134228E+00  0.49831618E+00  0.49984000E+00  0.15238184E-02
 0.57275649E+00  0.49823835E+00  0.49975000E+00  0.15116504E-02
 0.57417071E+00  0.49814052E+00  0.49964000E+00  0.14994825E-02
 0.57558492E+00  0.49802269E+00  0.49951000E+00  0.14873145E-02
 0.57699913E+00  0.49788485E+00  0.49936000E+00  0.14751465E-02
 0.57841335E+00  0.49772702E+00  0.49919000E+00  0.14629785E-02
 0.57982756E+00  0.49754919E+00  0.49900000E+00  0.14508105E-02
 0.58124177E+00  0.49735136E+00  0.49879000E+00  0.14386426E-02
 0.58265599E+00  0.49713353E+00  0.49856000E+00  0.14264746E-02
 0.58407020E+00  0.49689569E+00  0.49831000E+00  0.14143066E-02
 0.58548441E+00  0.49663786E+00  0.49804000E+00  0.14021386E-02
 0.58689863E+00  0.49636003E+00  0.49775000E+00  0.13899706E-02
 0.58831284E+00  0.49606220E+00  0.49744000E+00  0.13778026E-02
 0.58972706E+00  0.49574437E+00  0.49711000E+00  0.13656347E-02
 0.59114127E+00  0.49540653E+00  0.49676000E+00  0.13534667E-02
 0.59255548E+00  0.49504870E+00  0.49639000E+00  0.13412987E-02
 0.59396970E+00  0.49467087E+00  0.49600000E+00  0.13291307E-02
 0.59538391E+00  0.49427304E+00  0.49559000E+00  0.13169627E-02
 0.59679812E+00  0.49385520E+00  0.49516000E+00  0.13047947E-02
 0.59821234E+00  0.49341737E+00  0.49471000E+00  0.12926268E-02
 0.59962655E+00  0.49295954E+00  0.49424000E+00  0.12804588E-02
 0.60104076E+00  0.49248171E+00  0.49375000E+00  0.12682908E-02
 0.60245498E+00  0.49198388E+00  0.49324000E+00  0.12561228E-02
 0.60386919E+00  0.49146604E+00  0.49271000E+00  0.12439548E-02
 0.60528340E+00  0.49092821E+00  0.49216000E+00  0.12317868E-02
 0.60669762E+00  0.49037038E+00  0.49159000E+00  0.12196189E-02
 0.60811183E+00  0.48979255E+00  0.49100000E+00  0.12074509E-02
 0.60952605E+00  0.48919472E+00  0.49039000E+00  0.11952829E-02
 0.61094026E+00  0.48857688E+00  0.48976000E+00  0.11831149E-02
 0.61235447E+00  0.48793905E+00  0.48911000E+00  0.11709469E-02
 0.61376869E+00  0.48728122E+00  0.48844000E+00  0.11587789E-02
 0.61518290E+00  0.48660339E+00  0.48775000E+00  0.11466110E-02
 0.61659711E+00  0.48590556E+00  0.48704000E+00  0.11344430E-02
 0.61801133E+00  0.48518772E+00  0.48631000E+00  0.11222750E-02
 0.61942554E+00  0.48444989E+00  0.48556000E+00  0.11101070E-02
 0.62083975E+00  0.48369206E+00  0.48479000E+00  0.10979390E-02
 0.62225397E+00  0.48291423E+00  0.48400000E+00  0.10857710E-02
 0.62366818E+00  0.48211640E+00  0.48319000E+00  0.10736031E-02
 0.62508239E+00  0.48129856E+00  0.48236000E+00  0.10614351E-02
 0.62649661E+00  0.48046073E+00  0.48151000E+00  0.10492671E-02
 0.62791082E+00  0.47960290E+00  0.48064000E+00  0.10370991E-02
 0.62932504E+00  0.47872507E+00  0.47975000E+00  0.10249311E-02
 0.63073925E+00  0.47782724E+00  0.47884000E+00  0.10127631E-02
 0.63215346E+00  0.47690940E+00  0.47791000E+00  0.10005952E-02
 0.63356768E+00  0.47597157E+00  0.47696000E+00  0.98842718E-03
 0.63498189E+00  0.47501374E+00  0.47599000E+00  0.97625920E-03
 0.63639610E+00  0.47403591E+00  0.47500000E+00  0.96409122E-03
 0.63781032E+00  0.47303808E+00  0.47399000E+00  0.95192323E-03
 0.63922453E+00  0.47202024E+00  0.47296000E+00  0.93975525E-03
 0.64063874E+00  0.47098241E+00  0.47191000E+00  0.92758727E-03
 0.64205296E+00  0.46992458E+00  0.47084000E+00  0.91541928E-03
 0.64346717E+00  0.46884675E+00  0.46975000E+00  0.90325130E-03
 0.64488138E+00  0.46774892E+00  0.46864000E+00  0.89108332E-03
 0.64629560E+00  0.46663108E+00  0.46751000E+00  0.87891533E-03
 0.64770981E+00  0.46549325E+00  0.46636000E+00  0.86674735E-03
 0.64912403E+00  0.46433542E+00  0.46519000E+00  0.85457937E-03
 0.65053824E+00  0.46315759E+00  0.46400000E+00  0.84241139E-03
 0.65195245E+00  0.46195976E+00  0.46279000E+00  0.83024340E-03
 0.65336667E+00  0.46074192E+00  0.46156000E+00  0.81807542E-03
 0.65478088E+00  0.45950409E+00  0.46031000E+00  0.80590744E-03
 0.65619509E+00  0.45824626E+00  0.45904000E+00  0.79373945E-03
 0.65760931E+00  0.45696843E+00  0.45775000E+00  0.78157147E-03
 0.65902352E+00  0.45567060E+00  0.45644000E+00  0.76940349E-03
 0.66043773E+00  0.45435276E+00  0.45511000E+00  0.75723550E-03
 0.66185195E+00  0.45301493E+00  0.45376000E+00  0.74506752E-03
 0.66326616E+00  0.45165710E+00  0.45239000E+00  0.73289954E-03
 0.66468037E+00  0.45027927E+00  0.45100000E+00  0.72073156E-03
 0.66609459E+00  0.44888144E+00  0.44959000E+00  0.70856357E-03
 0.66750880E+00  0.44746360E+00  0.44816000E+00  0.69639559E-03
 0.66892302E+00  0.44602577E+00  0.44671000E+00  0.68422761E-03
 0.67033723E+00  0.44456794E+00  0.44524000E+00  0.67205962E-03
 0.67175144E+00  0.44309011E+00  0.44375000E+00  0.65989164E-03
 0.67316566E+00  0.44159228E+00  0.44224000E+00  0.64772366E-03
 0.67457987E+00  0.44007444E+00  0.44071000E+00  0.63555567E-03
 0.67599408E+00  0.43853661E+00  0.43916000E+00  0.62338769E-03
 0.67740830E+00  0.43697878E+00  0.43759000E+00  0.61121971E-03
 0.67882251E+00  0.43540095E+00  0.43600000E+00  0.59905173E-03
 0.68023672E+00  0.43380312E+00  0.43439000E+00  0.58688374E-03
 0.68165094E+00  0.43218528E+00  0.43276000E+00  0.57471576E-03
 0.68306515E+00  0.43054745E+00  0.43111000E+00  0.56254778E-03
 0.68447936E+00  0.42888962E+00  0.42944000E+00  0.55037979E-03
 0.68589358E+00  0.42721179E+00  0.42775000E+00  0.53821181E-03
 0.68730779E+00  0.42551395E+00  0.42604000E+00  0.52604383E-03
 0.68872200E+00  0.42379612E+00  0.42431000E+00  0.51387584E-03
 0.69013622E+00  0.42205829E+00  0.42256000E+00  0.50170786E-03
 0.69155043E+00  0.42030046E+00  0.42079000E+00  0.48953988E-03
 0.69296465E+00  0.41852263E+00  0.41900000E+00  0.47737190E-03
 0.69437886E+00  0.41672479E+00  0.41719000E+00  0.46520391E-03
 0.69579307E+00  0.41490696E+00  0.41536000E+00  0.45303593E-03
 0.69720729E+00  0.41306913E+00  0.41351000E+00  0.44086795E-03
 0.69862150E+00  0.41121130E+00  0.41164000E+00  0.42869996E-03
 0.70003571E+00  0.40933347E+00  0.40975000E+00  0.41653198E-03
 0.70144993E+00  0.40743563E+00  0.40784000E+00  0.40436400E-03
 0.70286414E+00  0.40551780E+00  0.40591000E+00  0.39219601E-03
 0.70427835E+00  0.40357997E+00  0.40396000E+00  0.38002803E-03
 0.70569257E+00  0.40162214E+00  0.40199000E+00  0.36786005E-03
 0.70710678E+00  0.39964431E+00  0.40000000E+00  0.35569207E-03
 0.70852099E+00  0.39764647E+00  0.39799000E+00  0.34352408E-03
 0.70993521E+00  0.39562864E+00  0.39596000E+00  0.33135610E-03
 0.71134942E+00  0.39359081E+00  0.39391000E+00  0.31918812E-03
 0.71276364E+00  0.39153298E+00  0.39184000E+00  0.30702013E-03
 0.71417785E+00  0.38945515E+00  0.38975000E+00  0.29485215E-03
 0.71559206E+00  0.38735731E+00  0.38764000E+00  0.28268417E-03
 0.71700628E+00  0.38523948E+00  0.38551000E+00  0.27051618E-03
 0.71842049E+00  0.38310165E+00  0.38336000E+00  0.25834820E-03
 0.71983470E+00  0.38094382E+00  0.38119000E+00  0.24618022E-03
 0.72124892E+00  0.37876599E+00  0.37900000E+00  0.23401224E-03
 0.72266313E+00  0.37656815E+00  0.37679000E+00  0.22184425E-03
 0.72407734E+00  0.37435032E+00  0.37456000E+00  0.20967627E-03
 0.72549156E+00  0.37211249E+00  0.37231000E+00  0.19750829E-03
 0.72690577E+00  0.36985466E+00  0.37004000E+00  0.18534030E-03
 0.72831998E+00  0.36757683E+00  0.36775000E+00  0.17317232E-03
 0.72973420E+00  0.36527899E+00  0.36544000E+00  0.16100434E-03
 0.73114841E+00  0.36296116E+00  0.36311000E+00  0.14883635E-03
 0.73256263E+00  0.36062333E+00  0.36076000E+00  0.13666837E-03
 0.73397684E+00  0.35826550E+00  0.35839000E+00  0.12450039E-03
 0.73539105E+00  0.35588767E+00  0.35600000E+00  0.11233241E-03
 0.73680527E+00  0.35348983E+00  0.35359000E+00  0.10016442E-03
 0.73821948E+00  0.35107200E+00  0.35116000E+00  0.87996439E-04
 0.73963369E+00  0.34863417E+00  0.34871000E+00  0.75828456E-04
 0.74104791E+00  0.34617634E+00  0.34624000E+00  0.63660473E-04
 0.74246212E+00  0.34369851E+00  0.34375000E+00  0.51492490E-04
 0.74387633E+00  0.34120067E+00  0.34124000E+00  0.39324507E-04
 0.74529055E+00  0.33868284E+00  0.33871000E+00  0.27156524E-04
 0.74670476E+00  0.33614501E+00  0.33616000E+00  0.14988541E-04
 0.74811897E+00  0.33358718E+00  0.33359000E+00  0.28205583E-05
 0.74953319E+00  0.33100935E+00  0.33100000E+00  0.93474247E-05
 0.75094740E+00  0.32841151E+00  0.32839000E+00  0.21515408E-04
 0.75236162E+00  0.32579368E+00  0.32576000E+00  0.33683391E-04
 0.75377583E+00  0.32315585E+00  0.32311000E+00  0.45851374E-04
 0.75519004E+00  0.32049802E+00  0.32044000E+00  0.58019357E-04
 0.75660426E+00  0.31782019E+00  0.31775000E+00  0.70187340E-04
 0.75801847E+00  0.31512235E+00  0.31504000E+00  0.82355323E-04
 0.75943268E+00  0.31240452E+00  0.31231000E+00  0.94523306E-04
 0.76084690E+00  0.30966669E+00  0.30956000E+00  0.10669129E-03
 0.76226111E+00  0.30690886E+00  0.30679000E+00  0.11885927E-03
 0.76367532E+00  0.30413103E+00  0.30400000E+00  0.13102725E-03
 0.76508954E+00  0.30133319E+00  0.30119000E+00  0.14319524E-03
 0.76650375E+00  0.29851536E+00  0.29836000E+00  0.15536322E-03
 0.76791796E+00  0.29567753E+00  0.29551000E+00  0.16753120E-03
 0.76933218E+00  0.29281970E+00  0.29264000E+00  0.17969919E-03
 0.77074639E+00  0.28994187E+00  0.28975000E+00  0.19186717E-03
 0.77216061E+00  0.28704403E+00  0.28684000E+00  0.20403515E-03
 0.77357482E+00  0.28412620E+00  0.28391000E+00  0.21620314E-03
 0.77498903E+00  0.28118837E+00  0.28096000E+00  0.22837112E-03
 0.77640325E+00  0.27823054E+00  0.27799000E+00  0.24053910E-03
 0.77781746E+00  0.27525270E+00  0.27500000E+00  0.25270708E-03
 0.77923167E+00  0.27225487E+00  0.27199000E+00  0.26487507E-03
 0.78064589E+00  0.26923704E+00  0.26896000E+00  0.27704305E-03
 0.78206010E+00  0.26619921E+00  0.26591000E+00  0.28921103E-03
 0.78347431E+00  0.26314138E+00  0.26284000E+00  0.30137902E-03
 0.78488853E+00  0.26006354E+00  0.25975000E+00  0.31354700E-03
 0.78630274E+00  0.25696571E+00  0.25664000E+00  0.32571498E-03
 0.78771695E+00  0.25384788E+00  0.25351000E+00  0.33788297E-03
 0.78913117E+00  0.25071005E+00  0.25036000E+00  0.35005095E-03
 0.79054538E+00  0.24755222E+00  0.24719000E+00  0.36221893E-03
 0.79195959E+00  0.24437438E+00  0.24400000E+00  0.37438691E-03
 0.79337381E+00  0.24117655E+00  0.24079000E+00  0.38655490E-03
 0.79478802E+00  0.23795872E+00  0.23756000E+00  0.39872288E-03
 0.79620224E+00  0.23472089E+00  0.23431000E+00  0.41089086E-03
 0.79761645E+00  0.23146306E+00  0.23104000E+00  0.42305885E-03
 0.79903066E+00  0.22818522E+00  0.22775000E+00  0.43522683E-03
 0.80044488E+00  0.22488739E+00  0.22444000E+00  0.44739481E-03
 0.80185909E+00  0.22156956E+00  0.22111000E+00  0.45956280E-03
 0.80327330E+00  0.21823173E+00  0.21776000E+00  0.47173078E-03
 0.80468752E+00  0.21487390E+00  0.21439000E+00  0.48389876E-03
 0.80610173E+00  0.21149606E+00  0.21100000E+00  0.49606674E-03
 0.80751594E+00  0.20809823E+00  0.20759000E+00  0.50823473E-03
 0.80893016E+00  0.20468040E+00  0.20416000E+00  0.52040271E-03
 0.81034437E+00  0.20124257E+00  0.20071000E+00  0.53257069E-03
 0.81175858E+00  0.19778474E+00  0.19724000E+00  0.54473868E-03
 0.81317280E+00  0.19430690E+00  0.19375000E+00  0.55690666E-03
 0.81458701E+00  0.19080907E+00  0.19024000E+00  0.56907464E-03
 0.81600123E+00  0.18729124E+00  0.18671000E+00  0.58124263E-03
 0.81741544E+00  0.18375341E+00  0.18316000E+00  0.59341061E-03
 0.81882965E+00  0.18019558E+00  0.17959000E+00  0.60557859E-03
 0.82024387E+00  0.17661774E+00  0.17600000E+00  0.61774657E-03
 0.82165808E+00  0.17301991E+00  0.17239000E+00  0.62991456E-03
 0.82307229E+00  0.16940208E+00  0.16876000E+00  0.64208254E-03
 0.82448651E+00  0.16576425E+00  0.16511000E+00  0.65425052E-03
 0.82590072E+00  0.16210642E+00  0.16144000E+00  0.66641851E-03
 0.82731493E+00  0.15842858E+00  0.15775000E+00  0.67858649E-03
 0.82872915E+00  0.15473075E+00  0.15404000E+00  0.69075447E-03
 0.83014336E+00  0.15101292E+00  0.15031000E+00  0.70292246E-03
 0.83155757E+00  0.14727509E+00  0.14656000E+00  0.71509044E-03
 0.83297179E+00  0.14351726E+00  0.14279000E+00  0.72725842E-03
 0.83438600E+00  0.13973942E+00  0.13900000E+00  0.73942640E-03
 0.83580022E+00  0.13594159E+00  0.13519000E+00  0.75159439E-03
 0.83721443E+00  0.13212376E+00  0.13136000E+00  0.76376237E-03
 0.83862864E+00  0.12828593E+00  0.12751000E+00  0.77593035E-03
 0.84004286E+00  0.12442810E+00  0.12364000E+00  0.78809834E-03
 0.84145707E+00  0.12055026E+00  0.11975000E+00  0.80026632E-03
 0.84287128E+00  0.11665243E+00  0.11584000E+00  0.81243430E-03
 0.84428550E+00  0.11273460E+00  0.11191000E+00  0.82460229E-03
 0.84569971E+00  0.10879677E+00  0.10796000E+00  0.83677027E-03
 0.84711392E+00  0.10483894E+00  0.10399000E+00  0.84893825E-03
 0.84852814E+00  0.10086110E+00  0.10000001E+00  0.86109729E-03
 0.84994235E+00  0.10085720E+00  0.10399001E+00  0.31328068E-02
 0.85135656E+00  0.10482722E+00  0.10796001E+00  0.31327830E-02
 0.85277078E+00  0.10877725E+00  0.11191001E+00  0.31327592E-02
 0.85418499E+00  0.11270727E+00  0.11584001E+00  0.31327354E-02
 0.85559921E+00  0.11661729E+00  0.11975001E+00  0.31327116E-02
 0.85701342E+00  0.12050732E+00  0.12364001E+00  0.31326878E-02
 0.85842763E+00  0.12437734E+00  0.12751001E+00  0.31326640E-02
 0.85984185E+00  0.12822737E+00  0.13136001E+00  0.31326403E-02
 0.86125606E+00  0.13205739E+00  0.13519001E+00  0.31326165E-02
 0.86267027E+00  0.13586741E+00  0.13900001E+00  0.31325927E-02
 0.86408449E+00  0.13965744E+00  0.14279001E+00  0.31325689E-02
 0.86549870E+00  0.14342746E+00  0.14656001E+00  0.31325451E-02
 0.86691291E+00  0.14717748E+00  0.15031001E+00  0.31325213E-02
 0.86832713E+00  0.15090751E+00  0.15404001E+00  0.31324975E-02
 0.86974134E+00  0.15461753E+00  0.15775001E+00  0.31324737E-02
 0.87115555E+00  0.15830756E+00  0.16144001E+00  0.31324499E-02
 0.87256977E+00  0.16197758E+00  0.16511001E+00  0.31324261E-02
 0.87398398E+00  0.16562760E+00  0.16876001E+00  0.31324023E-02
 0.87539820E+00  0.16925763E+00  0.17239001E+00  0.31323785E-02
 0.87681241E+00  0.17286765E+00  0.17600001E+00  0.31323547E-02
 0.87822662E+00  0.17645767E+00  0.17959001E+00  0.31323309E-02
 0.87964084E+00  0.18002770E+00  0.18316001E+00  0.31323071E-02
 0.88105505E+00  0.18357772E+00  0.18671001E+00  0.31322833E-02
 0.88246926E+00  0.18710775E+00  0.19024001E+00  0.31322595E-02
 0.88388348E+00  0.19061777E+00  0.19375001E+00  0.31322358E-02
 0.88529769E+00  0.19410779E+00  0.19724001E+00  0.31322120E-02
 0.88671190E+00  0.19757782E+00  0.20071001E+00  0.31321882E-02
 0.88812612E+00  0.20102784E+00  0.20416001E+00  0.31321644E-02
 0.88954033E+00  0.20445786E+00  0.20759001E+00  0.31321406E-02
 0.89095454E+00  0.20786789E+00  0.21100001E+00  0.31321168E-02
 0.89236876E+00  0.21125791E+00  0.21439001E+00  0.31320930E-02
 0.89378297E+00  0.21462794E+00  0.21776001E+00  0.31320692E-02
 0.89519718E+00  0.21797796E+00  0.22111000E+00  0.31320454E-02
 0.89661140E+00  0.22130798E+00  0.22444000E+00  0.31320216E-02
 0.89802561E+00  0.22461801E+00  0.22775000E+00  0.31319978E-02
 0.89943983E+00  0.22790803E+00  0.23104000E+00  0.31319740E-02
 0.90085404E+00  0.23117805E+00  0.23431000E+00  0.31319502E-02
 0.90226825E+00  0.23442808E+00  0.23756000E+00  0.31319264E-02
 0.90368247E+00  0.23765810E+00  0.24079000E+00  0.31319026E-02
 0.90509668E+00  0.24086813E+00  0.24400000E+00  0.31318788E-02
 0.90651089E+00  0.24405815E+00  0.24719000E+00  0.31318550E-02
 0.90792511E+00  0.24722817E+00  0.25036000E+00  0.31318313E-02
 0.90933932E+00  0.25037820E+00  0.25351000E+00  0.31318075E-02
 0.91075353E+00  0.25350822E+00  0.25664000E+00  0.31317837E-02
 0.91216775E+00  0.25661824E+00  0.25975000E+00  0.31317599E-02
 0.91358196E+00  0.25970827E+00  0.26284000E+00  0.31317361E-02
 0.91499617E+00  0.26277829E+00  0.26591000E+00  0.31317123E-02
 0.91641039E+00  0.26582832E+00  0.26896000E+00  0.31316885E-02
 0.91782460E+00  0.26885834E+00  0.27199000E+00  0.31316647E-02
 0.91923882E+00  0.27186836E+00  0.27500000E+00  0.31316409E-02
 0.92065303E+00  0.27485839E+00  0.27799000E+00  0.31316171E-02
 0.92206724E+00  0.27782841E+00  0.28096000E+00  0.31315933E-02
 0.92348146E+00  0.28077843E+00  0.28391000E+00  0.31315695E-02
 0.92489567E+00  0.28370846E+00  0.28684000E+00  0.31315457E-02
 0.92630988E+00  0.28661848E+00  0.28975000E+00  0.31315219E-02
 0.92772410E+00  0.28950851E+00  0.29264000E+00  0.31314981E-02
 0.92913831E+00  0.29237853E+00  0.29551000E+00  0.31314743E-02
 0.93055252E+00  0.29522855E+00  0.29836000E+00  0.31314505E-02
 0.93196674E+00  0.29805858E+00  0.30119000E+00  0.31314268E-02
 0.93338095E+00  0.30086860E+00  0.30400000E+00  0.31314030E-02
 0.93479516E+00  0.30365862E+00  0.30679000E+00  0.31313792E-02
 0.93620938E+00  0.30642865E+00  0.30956000E+00  0.31313554E-02
 0.93762359E+00  0.30917867E+00  0.31231000E+00  0.31313316E-02
 0.93903781E+00  0.31190870E+00  0.31504000E+00  0.31313078E-02
 0.94045202E+00  0.31461872E+00  0.31775000E+00  0.31312840E-02
 0.94186623E+00  0.31730874E+00  0.32044000E+00  0.31312602E-02
 0.94328045E+00  0.31997877E+00  0.32311000E+00  0.31312364E-02
 0.94469466E+00  0.32262879E+00  0.32576000E+00  0.31312126E-02
 0.94610887E+00  0.32525882E+00  0.32839000E+00  0.31311888E-02
 0.94752309E+00  0.32786884E+00  0.33100000E+00  0.31311650E-02
 0.94893730E+00  0.33045886E+00  0.33359000E+00  0.31311412E-02
 0.95035151E+00  0.33302889E+00  0.33616000E+00  0.31311174E-02
 0.95176573E+00  0.33557891E+00  0.33871000E+00  0.31310936E-02
 0.95317994E+00  0.33810893E+00  0.34124000E+00  0.31310698E-02
 0.95459415E+00  0.34061896E+00  0.34375000E+00  0.31310460E-02
 0.95600837E+00  0.34310898E+00  0.34624000E+00  0.31310223E-02
 0.95742258E+00  0.34557901E+00  0.34871000E+00  0.31309985E-02
 0.95883680E+00  0.34802903E+00  0.35116000E+00  0.31309747E-02
 0.96025101E+00  0.35045905E+00  0.35359000E+00  0.31309509E-02
 0.96166522E+00  0.35286908E+00  0.35600000E+00  0.31309271E-02
 0.96307944E+00  0.35525910E+00  0.35839000E+00  0.31309033E-02
 0.96449365E+00  0.35762912E+00  0.36076000E+00  0.31308795E-02
 0.96590786E+00  0.35997915E+00  0.36311000E+00  0.31308557E-02
 0.96732208E+00  0.36230917E+00  0.36544000E+00  0.31308319E-02
 0.96873629E+00  0.36461920E+00  0.36775000E+00  0.31308081E-02
 0.97015050E+00  0.36690922E+00  0.37004000E+00  0.31307843E-02
 0.97156472E+00  0.36917924E+00  0.37231000E+00  0.31307605E-02
 0.97297893E+00  0.37142927E+00  0.37456000E+00  0.31307367E-02
 0.97439314E+00  0.37365929E+00  0.37679000E+00  0.31307129E-02
 0.97580736E+00  0.37586931E+00  0.37900000E+00  0.31306891E-02
 0.97722157E+00  0.37805934E+00  0.38119000E+00  0.31306653E-02
 0.97863579E+00  0.38022936E+00  0.38336000E+00  0.31306416E-02
 0.98005000E+00  0.38237939E+00  0.38551000E+00  0.31306178E-02
 0.98146421E+00  0.38450941E+00  0.38764000E+00  0.31305940E-02
 0.98287843E+00  0.38661943E+00  0.38975000E+00  0.31305702E-02
 0.98429264E+00  0.38870946E+00  0.39184000E+00  0.31305464E-02
 0.98570685E+00  0.39077948E+00  0.39391000E+00  0.31305226E-02
 0.98712107E+00  0.39282950E+00  0.39596000E+00  0.31304988E-02
 0.98853528E+00  0.39485953E+00  0.39799000E+00  0.31304750E-02
 0.98994949E+00  0.39686955E+00  0.40000000E+00  0.31304512E-02
 0.99136371E+00  0.39885958E+00  0.40199000E+00  0.31304274E-02
 0.99277792E+00  0.40082960E+00  0.40396000E+00  0.31304036E-02
 0.99419213E+00  0.40277962E+00  0.40591000E+00  0.31303798E-02
 0.99560635E+00  0.40470965E+00  0.40784000E+00  0.31303560E-02
 0.99702056E+00  0.40661967E+00  0.40975000E+00  0.31303322E-02
 0.99843478E+00  0.40850969E+00  0.41164000E+00  0.31303084E-02
 0.99984899E+00  0.41037972E+00  0.41351000E+00  0.31302846E-02
 0.10012632E+01  0.41222974E+00  0.41536000E+00  0.31302608E-02
 0.10026774E+01  0.41405977E+00  0.41719000E+00  0.31302371E-02
 0.10040916E+01  0.41586979E+00  0.41900000E+00  0.31302133E-02
 0.10055058E+01  0.41765981E+00  0.42079000E+00  0.31301895E-02
 0.10069201E+01  0.41942984E+00  0.42256000E+00  0.31301657E-02
 0.10083343E+01  0.42117986E+00  0.42431000E+00  0.31301419E-02
 0.10097485E+01  0.42290988E+00  0.42604000E+00  0.31301181E-02
 0.10111627E+01  0.42461991E+00  0.42775000E+00  0.31300943E-02
 0.10125769E+01  0.42630993E+00  0.42944000E+00  0.31300705E-02
 0.10139911E+01  0.42797996E+00  0.43111000E+00  0.31300467E-02
 0.10154053E+01  0.42962998E+00  0.43276000E+00  0.31300229E-02
 0.10168196E+01  0.43126000E+00  0.43439000E+00  0.31299991E-02
 0.10182338E+01  0.43287003E+00  0.43600000E+00  0.31299753E-02
 0.10196480E+01  0.43446005E+00  0.43759000E+00  0.31299515E-02
 0.10210622E+01  0.43603007E+00  0.43916000E+00  0.31299277E-02
 0.10224764E+01  0.43758010E+00  0.44071000E+00  0.31299039E-02
 0.10238906E+01  0.43911012E+00  0.44224000E+00  0.31298801E-02
 0.10253048E+01  0.44062015E+00  0.44375000E+00  0.31298563E-02
 0.10267190E+01  0.44211017E+00  0.44524000E+00  0.31298326E-02
 0.10281333E+01  0.44358019E+00  0.44671000E+00  0.31298088E-02
 0.10295475E+01  0.44503022E+00  0.44816000E+00  0.31297850E-02
 0.10309617E+01  0.44646024E+00  0.44959000E+00  0.31297612E-02
 0.10323759E+01  0.44787026E+00  0.45100000E+00  0.31297374E-02
 0.10337901E+01  0.44926029E+00  0.45239000E+00  0.31297136E-02
 0.10352043E+01  0.45063031E+00  0.45376000E+00  0.31296898E-02
 0.10366185E+01  0.45198034E+00  0.45511000E+00  0.31296660E-02
 0.10380328E+01  0.45331036E+00  0.45644000E+00  0.31296422E-02
 0.10394470E+01  0.45462038E+00  0.45775000E+00  0.31296184E-02
 0.10408612E+01  0.45591041E+00  0.45904000E+00  0.31295946E-02
 0.10422754E+01  0.45718043E+00  0.46031000E+00  0.31295708E-02
 0.10436896E+01  0.45843045E+00  0.46156000E+00  0.31295470E-02
 0.10451038E+01  0.45966048E+00  0.46279000E+00  0.31295232E-02
 0.10465180E+01  0.46087050E+00  0.46400000E+00  0.31294994E-02
 0.10479322E+01  0.46206053E+00  0.46519000E+00  0.31294756E-02
 0.10493465E+01  0.46323055E+00  0.46636000E+00  0.31294518E-02
 0.10507607E+01  0.46438057E+00  0.46751000E+00  0.31294281E-02
 0.10521749E+01  0.46551060E+00  0.46864000E+00  0.31294043E-02
 0.10535891E+01  0.46662062E+00  0.46975000E+00  0.31293805E-02
 0.10550033E+01  0.46771064E+00  0.47084000E+00  0.31293567E-02
 0.10564175E+01  0.46878067E+00  0.47191000E+00  0.31293329E-02
 0.10578317E+01  0.46983069E+00  0.47296000E+00  0.31293091E-02
 0.10592460E+01  0.47086072E+00  0.47399000E+00  0.31292853E-02
 0.10606602E+01  0.47187074E+00  0.47500000E+00  0.31292615E-02
 0.10620744E+01  0.47286076E+00  0.47599000E+00  0.31292377E-02
 0.10634886E+01  0.47383079E+00  0.47696000E+00  0.31292139E-02
 0.10649028E+01  0.47478081E+00  0.47791000E+00  0.31291901E-02
 0.10663170E+01  0.47571084E+00  0.47884000E+00  0.31291663E-02
 0.10677312E+01  0.47662086E+00  0.47975000E+00  0.31291425E-02
 0.10691455E+01  0.47751088E+00  0.48064000E+00  0.31291187E-02
 0.10705597E+01  0.47838091E+00  0.48151000E+00  0.31290949E-02
 0.10719739E+01  0.47923093E+00  0.48236000E+00  0.31290711E-02
 0.10733881E+01  0.48006095E+00  0.48319000E+00  0.31290473E-02
 0.10748023E+01  0.48087098E+00  0.48400000E+00  0.31290236E-02
 0.10762165E+01  0.48166100E+00  0.48479000E+00  0.31289998E-02
 0.10776307E+01  0.48243103E+00  0.48556000E+00  0.31289760E-02
 0.10790449E+01  0.48318105E+00  0.48631000E+00  0.31289522E-02
 0.10804592E+01  0.48391107E+00  0.48704000E+00  0.31289284E-02
 0.10818734E+01  0.48462110E+00  0.48775000E+00  0.31289046E-02
 0.10832876E+01  0.48531112E+00  0.48844000E+00  0.31288808E-02
 0.10847018E+01  0.48598114E+00  0.48911000E+00  0.31288570E-02
 0.10861160E+01  0.48663117E+00  0.48976000E+00  0.31288332E-02
 0.10875302E+01  0.48726119E+00  0.49039000E+00  0.31288094E-02
 0.10889444E+01  0.48787122E+00  0.49100000E+00  0.31287856E-02
 0.10903587E+01  0.48846124E+00  0.49159000E+00  0.31287618E-02
 0.10917729E+01  0.48903126E+00  0.49216000E+00  0.31287380E-02
 0.10931871E+01  0.48958129E+00  0.49271000E+00  0.31287142E-02
 0.10946013E+01  0.49011131E+00  0.49324000E+00  0.31286904E-02
 0.10960155E+01  0.49062133E+00  0.49375000E+00  0.31286666E-02
 0.10974297E+01  0.49111136E+00  0.49424000E+00  0.31286428E-02
 0.10988439E+01  0.49158138E+00  0.49471000E+00  0.31286191E-02
 0.11002582E+01  0.49203141E+00  0.49516000E+00  0.31285953E-02
 0.11016724E+01  0.49246143E+00  0.49559000E+00  0.31285715E-02
 0.11030866E+01  0.49287145E+00  0.49600000E+00  0.31285477E-02
 0.11045008E+01  0.49326148E+00  0.49639000E+00  0.31285239E-02
 0.11059150E+01  0.49363150E+00  0.49676000E+00  0.31285001E-02
 0.11073292E+01  0.49398152E+00  0.49711000E+00  0.31284763E-02
 0.11087434E+01  0.49431155E+00  0.49744000E+00  0.31284525E-02
 0.11101576E+01  0.49462157E+00  0.49775000E+00  0.31284287E-02
 0.11115719E+01  0.49491160E+00  0.49804000E+00  0.31284049E-02
 0.11129861E+01  0.49518162E+00  0.49831000E+00  0.31283811E-02
 0.11144003E+01  0.49543164E+00  0.49856000E+00  0.31283573E-02
 0.11158145E+01  0.49566167E+00  0.49879000E+00  0.31283335E-02
 0.11172287E+01  0.49587169E+00  0.49900000E+00  0.31283097E-02
 0.11186429E+01  0.49606171E+00  0.49919000E+00  0.31282859E-02
 0.11200571E+01  0.49623174E+00  0.49936000E+00  0.31282621E-02
 0.11214714E+01  0.49638176E+00  0.49951000E+00  0.31282384E-02
 0.11228856E+01  0.49651179E+00  0.49964000E+00  0.31282146E-02
 0.11242998E+01  0.49662181E+00  0.49975000E+00  0.31281908E-02
 0.11257140E+01  0.49671183E+00  0.49984000E+00  0.31281670E-02
 0.11271282E+01  0.49678186E+00  0.49991000E+00  0.31281432E-02
 0.11285424E+01  0.49683188E+00  0.49996000E+00  0.31281194E-02
 0.11299566E+01  0.49686190E+00  0.49999000E+00  0.31280956E-02
 0.11313708E+01  0.49687193E+00  0.50000000E+00  0.31280718E-02
 0.11327851E+01  0.49686195E+00  0.49999000E+00  0.31280480E-02
 0.11341993E+01  0.49683198E+00  0.49996000E+00  0.31280242E-02
 0.11356135E+01  0.49678200E+00  0.49991000E+00  0.31280004E-02
 0.11370277E+01  0.49671202E+00  0.49984000E+00  0.31279766E-02
 0.11384419E+01  0.49662205E+00  0.49975000E+00  0.31279528E-02
 0.11398561E+01  0.49651207E+00  0.49964000E+00  0.31279290E-02
 0.11412703E+01  0.49638209E+00  0.49951000E+00  0.31279052E-02
 0.11426846E+01  0.49623212E+00  0.49936000E+00  0.31278814E-02
 0.11440988E+01  0.49606214E+00  0.49919000E+00  0.31278576E-02
 0.11455130E+01  0.49587217E+00  0.49900000E+00  0.31278339E-02
 0.11469272E+01  0.49566219E+00  0.49879000E+00  0.31278101E-02
 0.11483414E+01  0.49543221E+00  0.49856000E+00  0.31277863E-02
 0.11497556E+01  0.49518224E+00  0.49831000E+00  0.31277625E-02
 0.11511698E+01  0.49491226E+00  0.49804000E+00  0.31277387E-02
 0.11525841E+01  0.49462228E+00  0.49775000E+00  0.31277149E-02
 0.11539983E+01  0.49431231E+00  0.49744000E+00  0.31276911E-02
 0.11554125E+01  0.49398233E+00  0.49711000E+00  0.31276673E-02
 0.11568267E+01  0.49363236E+00  0.49676000E+00  0.31276435E-02
 0.11582409E+01  0.49326238E+00  0.49639000E+00  0.31276197E-02
 0.11596551E+01  0.49287240E+00  0.49600000E+00  0.31275959E-02
 0.11610693E+01  0.49246243E+00  0.49559000E+00  0.31275721E-02
 0.11624835E+01  0.49203245E+00  0.49516000E+00  0.31275483E-02
 0.11638978E+01  0.49158247E+00  0.49471000E+00  0.31275245E-02
 0.11653120E+01  0.49111250E+00  0.49424000E+00  0.31275007E-02
 0.11667262E+01  0.49062252E+00  0.49375000E+00  0.31274769E-02
 0.11681404E+01  0.49011255E+00  0.49324000E+00  0.31274531E-02
 0.11695546E+01  0.48958257E+00  0.49271000E+00  0.31274294E-02
 0.11709688E+01  0.48903259E+00  0.49216000E+00  0.31274056E-02
 0.11723830E+01  0.48846262E+00  0.49159000E+00  0.31273818E-02
 0.11737973E+01  0.48787264E+00  0.49100000E+00  0.31273580E-02
 0.11752115E+01  0.48726266E+00  0.49039000E+00  0.31273342E-02
 0.11766257E+01  0.48663269E+00  0.48976000E+00  0.31273104E-02
 0.11780399E+01  0.48598271E+00  0.48911000E+00  0.31272866E-02
 0.11794541E+01  0.48531274E+00  0.48844000E+00  0.31272628E-02
 0.11808683E+01  0.48462276E+00  0.48775000E+00  0.31272390E-02
 0.11822825E+01  0.48391278E+00  0.48704000E+00  0.31272152E-02
 0.11836968E+01  0.48318281E+00  0.48631000E+00  0.31271914E-02
 0.11851110E+01  0.48243283E+00  0.48556000E+00  0.31271676E-02
 0.11865252E+01  0.48166286E+00  0.48479000E+00  0.31271438E-02
 0.11879394E+01  0.48087288E+00  0.48400000E+00  0.31271200E-02
 0.11893536E+01  0.48006290E+00  0.48319000E+00  0.31270962E-02
 0.11907678E+01  0.47923293E+00  0.48236000E+00  0.31270724E-02
 0.11921820E+01  0.47838295E+00  0.48151000E+00  0.31270486E-02
 0.11935962E+01  0.47751297E+00  0.48064000E+00  0.31270249E-02
 0.11950105E+01  0.47662300E+00  0.47975000E+00  0.31270011E-02
 0.11964247E+01  0.47571302E+00  0.47884000E+00  0.31269773E-02
 0.11978389E+01  0.47478305E+00  0.47791000E+00  0.31269535E-02
 0.11992531E+01  0.47383307E+00  0.47696000E+00  0.31269297E-02
 0.12006673E+01  0.47286309E+00  0.47599000E+00  0.31269059E-02
 0.12020815E+01  0.47187312E+00  0.47500000E+00  0.31268821E-02
 0.12034957E+01  0.47086314E+00  0.47399000E+00  0.31268583E-02
 0.12049100E+01  0.46983316E+00  0.47296000E+00  0.31268345E-02
 0.12063242E+01  0.46878319E+00  0.47191000E+00  0.31268107E-02
 0.12077384E+01  0.46771321E+00  0.47084000E+00  0.31267869E-02
 0.12091526E+01  0.46662324E+00  0.46975000E+00  0.31267631E-02
 0.12105668E+01  0.46551326E+00  0.46864000E+00  0.31267393E-02
 0.12119810E+01  0.46438328E+00  0.46751000E+00  0.31267155E-02
 0.12133952E+01  0.46323331E+00  0.46636000E+00  0.31266917E-02
 0.12148095E+01  0.46206333E+00  0.46519000E+00  0.31266679E-02
 0.12162237E+01  0.46087335E+00  0.46400000E+00  0.31266441E-02
 0.12176379E+01  0.45966338E+00  0.46279000E+00  0.31266204E-02
 0.12190521E+01  0.45843340E+00  0.46156000E+00  0.31265966E-02
 0.12204663E+01  0.45718343E+00  0.46031000E+00  0.31265728E-02
 0.12218805E+01  0.45591345E+00  0.45904000E+00  0.31265490E-02
 0.12232947E+01  0.45462347E+00  0.45775000E+00  0.31265252E-02
 0.12247089E+01  0.45331350E+00  0.45644000E+00  0.31265014E-02
 0.12261232E+01  0.45198352E+00  0.45511000E+00  0.31264776E-02
 0.12275374E+01  0.45063354E+00  0.45376000E+00  0.31264538E-02
 0.12289516E+01  0.44926357E+00  0.45239000E+00  0.31264300E-02
 0.12303658E+01  0.44787359E+00  0.45100000E+00  0.31264062E-02
 0.12317800E+01  0.44646362E+00  0.44959000E+00  0.31263824E-02
 0.12331942E+01  0.44503364E+00  0.44816000E+00  0.31263586E-02
 0.12346084E+01  0.44358366E+00  0.44671000E+00  0.31263348E-02
 0.12360227E+01  0.44211369E+00  0.44524000E+00  0.31263110E-02
 0.12374369E+01  0.44062371E+00  0.44375000E+00  0.31262872E-02
 0.12388511E+01  0.43911373E+00  0.44224000E+00  0.31262634E-02
 0.12402653E+01  0.43758376E+00  0.44071000E+00  0.31262396E-02
 0.12416795E+01  0.43603378E+00  0.43916000E+00  0.31262159E-02
 0.12430937E+01  0.43446381E+00  0.43759000E+00  0.31261921E-02
 0.12445079E+01  0.43287383E+00  0.43600000E+00  0.31261683E-02
 0.12459221E+01  0.43126385E+00  0.43439000E+00  0.31261445E-02
 0.12473364E+01  0.42963388E+00  0.43276000E+00  0.31261207E-02
 0.12487506E+01  0.42798390E+00  0.43111000E+00  0.31260969E-02
 0.12501648E+01  0.42631392E+00  0.42944000E+00  0.31260731E-02
 0.12515790E+01  0.42462395E+00  0.42775000E+00  0.31260493E-02
 0.12529932E+01  0.42291397E+00  0.42604000E+00  0.31260255E-02
 0.12544074E+01  0.42118400E+00  0.42431000E+00  0.31260017E-02
 0.12558216E+01  0.41943402E+00  0.42256000E+00  0.31259779E-02
 0.12572359E+01  0.41766404E+00  0.42079000E+00  0.31259541E-02
 0.12586501E+01  0.41587407E+00  0.41900000E+00  0.31259303E-02
 0.12600643E+01  0.41406409E+00  0.41719000E+00  0.31259065E-02
 0.12614785E+01  0.41223411E+00  0.41536000E+00  0.31258827E-02
 0.12628927E+01  0.41038414E+00  0.41351000E+00  0.31258589E-02
 0.12643069E+01  0.40851416E+00  0.41164000E+00  0.31258352E-02
 0.12657211E+01  0.40662419E+00  0.40975000E+00  0.31258114E-02
 0.12671354E+01  0.40471421E+00  0.40784000E+00  0.31257876E-02
 0.12685496E+01  0.40278423E+00  0.40591000E+00  0.31257638E-02
 0.12699638E+01  0.40083426E+00  0.40396000E+00  0.31257400E-02
 0.12713780E+01  0.39886428E+00  0.40199000E+00  0.31257162E-02
 0.12727922E+01  0.39687430E+00  0.40000000E+00  0.31256924E-02
 0.12742064E+01  0.39486433E+00  0.39799000E+00  0.31256686E-02
 0.12756206E+01  0.39283435E+00  0.39596000E+00  0.31256448E-02
 0.12770348E+01  0.39078438E+00  0.39391000E+00  0.31256210E-02
 0.12784491E+01  0.38871440E+00  0.39184000E+00  0.31255972E-02
 0.12798633E+01  0.38662442E+00  0.38975000E+00  0.31255734E-02
 0.12812775E+01  0.38451445E+00  0.38764000E+00  0.31255496E-02
 0.12826917E+01  0.38238447E+00  0.38551000E+00  0.31255258E-02
 0.12841059E+01  0.38023449E+00  0.38336000E+00  0.31255020E-02
 0.12855201E+01  0.37806452E+00  0.38119000E+00  0.31254782E-02
 0.12869343E+01  0.37587454E+00  0.37900000E+00  0.31254544E-02
 0.12883486E+01  0.37366457E+00  0.37679000E+00  0.31254307E-02
 0.12897628E+01  0.37143459E+00  0.37456000E+00  0.31254069E-02
 0.12911770E+01  0.36918461E+00  0.37231000E+00  0.31253831E-02
 0.12925912E+01  0.36691464E+00  0.37004000E+00  0.31253593E-02
 0.12940054E+01  0.36462466E+00  0.36775000E+00  0.31253355E-02
 0.12954196E+01  0.36231468E+00  0.36544000E+00  0.31253117E-02
 0.12968338E+01  0.35998471E+00  0.36311000E+00  0.31252879E-02
 0.12982481E+01  0.35763473E+00  0.36076000E+00  0.31252641E-02
 0.12996623E+01  0.35526476E+00  0.35839000E+00  0.31252403E-02
 0.13010765E+01  0.35287478E+00  0.35600000E+00  0.31252165E-02
 0.13024907E+01  0.35046480E+00  0.35359000E+00  0.31251927E-02
 0.13039049E+01  0.34803483E+00  0.35116000E+00  0.31251689E-02
 0.13053191E+01  0.34558485E+00  0.34871000E+00  0.31251451E-02
 0.13067333E+01  0.34311487E+00  0.34624000E+00  0.31251213E-02
 0.13081475E+01  0.34062490E+00  0.34375000E+00  0.31250975E-02
 0.13095618E+01  0.33811492E+00  0.34124000E+00  0.31250737E-02
 0.13109760E+01  0.33558495E+00  0.33871000E+00  0.31250499E-02
 0.13123902E+01  0.33303497E+00  0.33616000E+00  0.31250262E-02
 0.13138044E+01  0.33046499E+00  0.33359000E+00  0.31250024E-02
 0.13152186E+01  0.32787502E+00  0.33100000E+00  0.31249786E-02
 0.13166328E+01  0.32526504E+00  0.32839000E+00  0.31249548E-02
 0.13180470E+01  0.32263507E+00  0.32576000E+00  0.31249310E-02
 0.13194613E+01  0.31998509E+00  0.32311000E+00  0.31249072E-02
 0.13208755E+01  0.31731511E+00  0.32044000E+00  0.31248834E-02
 0.13222897E+01  0.31462514E+00  0.31775000E+00  0.31248596E-02
 0.13237039E+01  0.31191516E+00  0.31504000E+00  0.31248358E-02
 0.13251181E+01  0.30918518E+00  0.31231000E+00  0.31248120E-02
 0.13265323E+01  0.30643521E+00  0.30956000E+00  0.31247882E-02
 0.13279465E+01  0.30366523E+00  0.30679000E+00  0.31247644E-02
 0.13293607E+01  0.30087526E+00  0.30400000E+00  0.31247406E-02
 0.13307750E+01  0.29806528E+00  0.30119000E+00  0.31247168E-02
 0.13321892E+01  0.29523530E+00  0.29836000E+00  0.31246930E-02
 0.13336034E+01  0.29238533E+00  0.29551000E+00  0.31246692E-02
 0.13350176E+01  0.28951535E+00  0.29264000E+00  0.31246454E-02
 0.13364318E+01  0.28662537E+00  0.28975000E+00  0.31246217E-02
 0.13378460E+01  0.28371540E+00  0.28684000E+00  0.31245979E-02
 0.13392602E+01  0.28078542E+00  0.28391000E+00  0.31245741E-02
 0.13406745E+01  0.27783545E+00  0.28096000E+00  0.31245503E-02
 0.13420887E+01  0.27486547E+00  0.27799000E+00  0.31245265E-02
 0.13435029E+01  0.27187549E+00  0.27500000E+00  0.31245027E-02
 0.13449171E+01  0.26886552E+00  0.27199000E+00  0.31244789E-02
 0.13463313E+01  0.26583554E+00  0.26896000E+00  0.31244551E-02
 0.13477455E+01  0.26278556E+00  0.26591000E+00  0.31244313E-02
 0.13491597E+01  0.25971559E+00  0.26284000E+00  0.31244075E-02
 0.13505740E+01  0.25662561E+00  0.25975000E+00  0.31243837E-02
 0.13519882E+01  0.25351564E+00  0.25664000E+00  0.31243599E-02
 0.13534024E+01  0.25038566E+00  0.25351000E+00  0.31243361E-02
 0.13548166E+01  0.24723568E+00  0.25036000E+00  0.31243123E-02
 0.13562308E+01  0.24406571E+00  0.24719000E+00  0.31242885E-02
 0.13576450E+01  0.24087573E+00  0.24400000E+00  0.31242647E-02
 0.13590592E+01  0.23766575E+00  0.24079000E+00  0.31242409E-02
 0.13604734E+01  0.23443578E+00  0.23756000E+00  0.31242172E-02
 0.13618877E+01  0.23118580E+00  0.23431000E+00  0.31241934E-02
 0.13633019E+01  0.22791583E+00  0.23104000E+00  0.31241696E-02
 0.13647161E+01  0.22462585E+00  0.22775000E+00  0.31241458E-02
 0.13661303E+01  0.22131587E+00  0.22444000E+00  0.31241220E-02
 0.13675445E+01  0.21798590E+00  0.22111000E+00  0.31240982E-02
 0.13689587E+01  0.21463592E+00  0.21775999E+00  0.31240744E-02
 0.13703729E+01  0.21126594E+00  0.21438999E+00  0.31240506E-02
 0.13717872E+01  0.20787597E+00  0.21099999E+00  0.31240268E-02
 0.13732014E+01  0.20446599E+00  0.20758999E+00  0.31240030E-02
 0.13746156E+01  0.20103602E+00  0.20415999E+00  0.31239792E-02
 0.13760298E+01  0.19758604E+00  0.20070999E+00  0.31239554E-02
 0.13774440E+01  0.19411606E+00  0.19723999E+00  0.31239316E-02
 0.13788582E+01  0.19062609E+00  0.19374999E+00  0.31239078E-02
 0.13802724E+01  0.18711611E+00  0.19023999E+00  0.31238840E-02
 0.13816867E+01  0.18358613E+00  0.18670999E+00  0.31238602E-02
 0.13831009E+01  0.18003616E+00  0.18315999E+00  0.31238364E-02
 0.13845151E+01  0.17646618E+00  0.17958999E+00  0.31238127E-02
 0.13859293E+01  0.17287621E+00  0.17599999E+00  0.31237889E-02
 0.13873435E+01  0.16926623E+00  0.17238999E+00  0.31237651E-02
 0.13887577E+01  0.16563625E+00  0.16875999E+00  0.31237413E-02
 0.13901719E+01  0.16198628E+00  0.16510999E+00  0.31237175E-02
 0.13915861E+01  0.15831630E+00  0.16143999E+00  0.31236937E-02
 0.13930004E+01  0.15462632E+00  0.15774999E+00  0.31236699E-02
 0.13944146E+01  0.15091635E+00  0.15403999E+00  0.31236461E-02
 0.13958288E+01  0.14718637E+00  0.15030999E+00  0.31236223E-02
 0.13972430E+01  0.14343640E+00  0.14655999E+00  0.31235985E-02
 0.13986572E+01  0.13966642E+00  0.14278999E+00  0.31235747E-02
 0.14000714E+01  0.13587644E+00  0.13899999E+00  0.31235509E-02
 0.14014856E+01  0.13206647E+00  0.13518999E+00  0.31235271E-02
 0.14028999E+01  0.12823649E+00  0.13135999E+00  0.31235033E-02
 0.14043141E+01  0.12438651E+00  0.12750999E+00  0.31234795E-02
 0.14057283E+01  0.12051654E+00  0.12363999E+00  0.31234557E-02
 0.14071425E+01  0.11662656E+00  0.11974999E+00  0.31234320E-02
 0.14085567E+01  0.11271659E+00  0.11583999E+00  0.31234082E-02
 0.14099709E+01  0.10878661E+00  0.11190999E+00  0.31233844E-02
 0.14113851E+01  0.10483663E+00  0.10795999E+00  0.31233606E-02
 0.14127993E+01  0.10086666E+00  0.10398999E+00  0.31233368E-02
 0.14142136E+01  0.10086276E+00  0.10000001E+00  0.86275189E-03
