 0.10000000E-01  0.51049999E+00  0.49951000E+00  0.58949997E+00  0.49951000E+00
 0.20000001E-01  0.50149999E+00  0.49804000E+00  0.59849997E+00  0.49804000E+00
 0.30000001E-01  0.49249999E+00  0.49559000E+00  0.60749997E+00  0.49559000E+00
 0.40000001E-01  0.48349999E+00  0.49216000E+00  0.61649997E+00  0.49216000E+00
 0.50000001E-01  0.47449999E+00  0.48775000E+00  0.62549997E+00  0.48775000E+00
 0.60000002E-01  0.46549999E+00  0.48236000E+00  0.63449997E+00  0.48236000E+00
 0.70000002E-01  0.45649999E+00  0.47599000E+00  0.64349997E+00  0.47599000E+00
 0.80000002E-01  0.44749999E+00  0.46864000E+00  0.65249997E+00  0.46864000E+00
 0.90000003E-01  0.43849999E+00  0.46031000E+00  0.66149997E+00  0.46031000E+00
 0.10000000E+00  0.42949999E+00  0.45100000E+00  0.67049997E+00  0.45100000E+00
 0.11000000E+00  0.42049999E+00  0.44071000E+00  0.67949997E+00  0.44071000E+00
 0.12000000E+00  0.41149999E+00  0.42943999E+00  0.68849997E+00  0.42943999E+00
 0.13000000E+00  0.40249999E+00  0.41718999E+00  0.69749997E+00  0.41718999E+00
 0.14000000E+00  0.39349999E+00  0.40395999E+00  0.70649997E+00  0.40395999E+00
 0.15000000E+00  0.38449999E+00  0.38974999E+00  0.71549997E+00  0.38974999E+00
 0.16000000E+00  0.37549999E+00  0.37455999E+00  0.72449997E+00  0.37455999E+00
 0.17000001E+00  0.36649999E+00  0.35838999E+00  0.73349997E+00  0.35838999E+00
 0.18000001E+00  0.35749999E+00  0.34123999E+00  0.74249997E+00  0.34123999E+00
 0.19000001E+00  0.34849999E+00  0.32310999E+00  0.75149997E+00  0.32310999E+00
 0.20000001E+00  0.33949999E+00  0.30399998E+00  0.76049997E+00  0.30399998E+00
 0.21000001E+00  0.33049999E+00  0.28390998E+00  0.76949997E+00  0.28390998E+00
 0.22000001E+00  0.32149999E+00  0.26283998E+00  0.77849997E+00  0.26283998E+00
 0.23000001E+00  0.31249999E+00  0.24078998E+00  0.78749997E+00  0.24078998E+00
 0.24000001E+00  0.30349999E+00  0.21775998E+00  0.79649997E+00  0.21775998E+00
 0.25000001E+00  0.29449999E+00  0.19374998E+00  0.80549997E+00  0.19374998E+00
 0.26000001E+00  0.28549999E+00  0.16875997E+00  0.81449997E+00  0.16875997E+00
 0.27000001E+00  0.27649999E+00  0.14278997E+00  0.82349997E+00  0.14278997E+00
 0.28000001E+00  0.26749999E+00  0.11583997E+00  0.83249997E+00  0.11583997E+00
 0.29000001E+00  0.25849999E+00  0.87909967E-01  0.84149997E+00  0.87909967E-01
 0.30000001E+00  0.24949999E+00  0.86488967E-01  0.85049997E+00  0.86488967E-01
 0.31000001E+00  0.24049999E+00  0.11157697E+00  0.85949997E+00  0.11157697E+00
 0.32000001E+00  0.23149999E+00  0.13568497E+00  0.86849998E+00  0.13568497E+00
 0.33000001E+00  0.22249999E+00  0.15881297E+00  0.87749998E+00  0.15881297E+00
 0.34000001E+00  0.21349999E+00  0.18096097E+00  0.88649998E+00  0.18096097E+00
 0.35000001E+00  0.20449999E+00  0.20212897E+00  0.89549998E+00  0.20212897E+00
 0.36000001E+00  0.19549999E+00  0.22231697E+00  0.90449998E+00  0.22231697E+00
 0.37000001E+00  0.18649999E+00  0.24152497E+00  0.91339657E+00  0.24152497E+00
 0.38000001E+00  0.17749999E+00  0.25975297E+00  0.92218975E+00  0.25975297E+00
 0.39000001E+00  0.16849999E+00  0.27700098E+00  0.93098293E+00  0.27700098E+00
 0.40000001E+00  0.15949999E+00  0.29326898E+00  0.93977611E+00  0.29326898E+00
 0.41000001E+00  0.15049999E+00  0.30855698E+00  0.94856930E+00  0.30855698E+00
 0.42000001E+00  0.14149999E+00  0.32286498E+00  0.95736248E+00  0.32286498E+00
 0.43000001E+00  0.13249999E+00  0.33619298E+00  0.96615566E+00  0.33619298E+00
 0.44000001E+00  0.12349999E+00  0.34854098E+00  0.97494884E+00  0.34854098E+00
 0.45000001E+00  0.11449999E+00  0.35990898E+00  0.98374203E+00  0.35990898E+00
 0.46000001E+00  0.10549999E+00  0.37029698E+00  0.99253521E+00  0.37029698E+00
 0.47000001E+00  0.96499987E-01  0.37970498E+00  0.10013284E+01  0.37970498E+00
 0.48000001E+00  0.87603396E-01  0.38813298E+00  0.10101216E+01  0.38813298E+00
 0.49000001E+00  0.78810213E-01  0.39558098E+00  0.10189148E+01  0.39558098E+00
 0.50000001E+00  0.70017031E-01  0.40204898E+00  0.10277079E+01  0.40204898E+00
 0.51000002E+00  0.61223849E-01  0.40753698E+00  0.10365011E+01  0.40753698E+00
 0.52000002E+00  0.52430667E-01  0.41204498E+00  0.10452943E+01  0.41204498E+00
 0.53000002E+00  0.43637485E-01  0.41557298E+00  0.10540875E+01  0.41557298E+00
 0.54000002E+00  0.34844302E-01  0.41812098E+00  0.10628807E+01  0.41812098E+00
 0.55000002E+00  0.26051120E-01  0.41968898E+00  0.10716738E+01  0.41968897E+00
 0.56000002E+00  0.17257938E-01  0.42027697E+00  0.10804670E+01  0.42027697E+00
 0.57000002E+00  0.84647557E-02  0.41988497E+00  0.10892602E+01  0.41988497E+00
 0.58000002E+00 -0.32842653E-03  0.41851297E+00  0.10980534E+01  0.41851297E+00
 0.59000002E+00 -0.91216087E-02  0.41616097E+00  0.11068466E+01  0.41616097E+00
 0.60000002E+00 -0.17914791E-01  0.41282897E+00  0.11156398E+01  0.41282897E+00
 0.61000002E+00 -0.26707973E-01  0.40851697E+00  0.11244329E+01  0.40851697E+00
 0.62000002E+00 -0.35501155E-01  0.40322497E+00  0.11332261E+01  0.40322497E+00
 0.63000002E+00 -0.44294338E-01  0.39695297E+00  0.11420193E+01  0.39695297E+00
 0.64000002E+00 -0.53087520E-01  0.38970097E+00  0.11508125E+01  0.38970097E+00
 0.65000002E+00 -0.61880702E-01  0.38146896E+00  0.11596057E+01  0.38146896E+00
 0.66000002E+00 -0.70673884E-01  0.37225696E+00  0.11683989E+01  0.37225696E+00
 0.67000002E+00 -0.79467067E-01  0.36206496E+00  0.11771920E+01  0.36206496E+00
 0.68000002E+00 -0.88260249E-01  0.35089296E+00  0.11859852E+01  0.35089296E+00
 0.69000002E+00 -0.97053431E-01  0.33874096E+00  0.11947784E+01  0.33874096E+00
 0.70000002E+00 -0.10584661E+00  0.32560896E+00  0.12035716E+01  0.32560896E+00
 0.71000002E+00 -0.11463980E+00  0.31149695E+00  0.12123648E+01  0.31149695E+00
 0.72000002E+00 -0.12343298E+00  0.29640495E+00  0.12211579E+01  0.29640495E+00
 0.73000002E+00 -0.13222616E+00  0.28033295E+00  0.12299511E+01  0.28033295E+00
 0.74000002E+00 -0.14101934E+00  0.26328095E+00  0.12387443E+01  0.26328095E+00
 0.75000002E+00 -0.14981252E+00  0.24524895E+00  0.12475375E+01  0.24524895E+00
 0.76000002E+00 -0.15860571E+00  0.22623694E+00  0.12563307E+01  0.22623694E+00
 0.77000002E+00 -0.16739889E+00  0.20624494E+00  0.12651239E+01  0.20624494E+00
 0.78000002E+00 -0.17619207E+00  0.18527294E+00  0.12739170E+01  0.18527294E+00
 0.79000002E+00 -0.18498525E+00  0.16332094E+00  0.12827102E+01  0.16332094E+00
 0.80000002E+00 -0.19377844E+00  0.14038893E+00  0.12915034E+01  0.14038893E+00
 0.81000002E+00 -0.20257162E+00  0.11647693E+00  0.13002966E+01  0.11647693E+00
 0.82000002E+00 -0.21136480E+00  0.91584929E-01  0.13090898E+01  0.91584929E-01
 0.83000002E+00 -0.22015798E+00  0.90315829E-01  0.13178830E+01  0.90315828E-01
 0.84000003E+00 -0.22895116E+00  0.11266963E+00  0.13266761E+01  0.11266963E+00
 0.85000003E+00 -0.23774435E+00  0.13404343E+00  0.13354693E+01  0.13404343E+00
 0.86000003E+00 -0.24653753E+00  0.15443723E+00  0.13442625E+01  0.15443723E+00
 0.87000003E+00 -0.25533071E+00  0.17385104E+00  0.13530557E+01  0.17385103E+00
 0.88000003E+00 -0.26412390E+00  0.19228484E+00  0.13618489E+01  0.19228484E+00
 0.89000003E+00 -0.27291708E+00  0.20973864E+00  0.13706420E+01  0.20973864E+00
 0.90000003E+00 -0.28171026E+00  0.22621244E+00  0.13794352E+01  0.22621244E+00
 0.91000003E+00 -0.29050344E+00  0.24170624E+00  0.13882284E+01  0.24170624E+00
 0.92000003E+00 -0.29929663E+00  0.25622004E+00  0.13970216E+01  0.25622004E+00
 0.93000003E+00 -0.30808981E+00  0.26975384E+00  0.14058148E+01  0.26975384E+00
 0.94000003E+00 -0.31688299E+00  0.28230764E+00  0.14146080E+01  0.28230764E+00
 0.95000003E+00 -0.32567617E+00  0.29388144E+00  0.14234011E+01  0.29388144E+00
 0.96000003E+00 -0.33446936E+00  0.30447524E+00  0.14321943E+01  0.30447524E+00
 0.97000003E+00 -0.34326254E+00  0.31408905E+00  0.14409875E+01  0.31408904E+00
 0.98000003E+00 -0.35205572E+00  0.32272285E+00  0.14497807E+01  0.32272284E+00
 0.99000003E+00 -0.36084890E+00  0.33037665E+00  0.14585739E+01  0.33037665E+00
 0.10000000E+01 -0.36964209E+00  0.33705045E+00  0.14673671E+01  0.33705045E+00
 0.10100000E+01 -0.37843527E+00  0.34274425E+00  0.14761602E+01  0.34274425E+00
 0.10200000E+01 -0.38722845E+00  0.34745805E+00  0.14849534E+01  0.34745805E+00
 0.10300000E+01 -0.39602163E+00  0.35119185E+00  0.14937466E+01  0.35119185E+00
 0.10400000E+01 -0.40481482E+00  0.35394565E+00  0.15025398E+01  0.35394565E+00
 0.10500000E+01 -0.41360800E+00  0.35571945E+00  0.15113330E+01  0.35571945E+00
 0.10600000E+01 -0.42240118E+00  0.35651325E+00  0.15201262E+01  0.35651325E+00
 0.10700000E+01 -0.43119436E+00  0.35632705E+00  0.15289193E+01  0.35632705E+00
 0.10800000E+01 -0.43998755E+00  0.35516085E+00  0.15377125E+01  0.35516085E+00
 0.10900000E+01 -0.44878073E+00  0.35301465E+00  0.15465057E+01  0.35301465E+00
 0.11000000E+01 -0.45757391E+00  0.34988845E+00  0.15552989E+01  0.34988845E+00
 0.11100000E+01 -0.46636709E+00  0.34578225E+00  0.15640921E+01  0.34578225E+00
 0.11200000E+01 -0.47516028E+00  0.34069605E+00  0.15728852E+01  0.34069605E+00
 0.11300000E+01 -0.48395346E+00  0.33462985E+00  0.15816784E+01  0.33462984E+00
 0.11400000E+01 -0.49274664E+00  0.32758364E+00  0.15904716E+01  0.32758364E+00
 0.11500000E+01 -0.50153982E+00  0.31955744E+00  0.15992648E+01  0.31955744E+00
 0.11600000E+01 -0.51033301E+00  0.31055124E+00  0.16080580E+01  0.31055124E+00
 0.11700000E+01 -0.51912619E+00  0.30056504E+00  0.16168512E+01  0.30056504E+00
 0.11800000E+01 -0.52791937E+00  0.28959884E+00  0.16256443E+01  0.28959884E+00
 0.11900000E+01 -0.53671255E+00  0.27765264E+00  0.16344375E+01  0.27765264E+00
 0.12000000E+01 -0.54550574E+00  0.26472644E+00  0.16432307E+01  0.26472644E+00
 0.12100000E+01 -0.55429892E+00  0.25082024E+00  0.16520239E+01  0.25082024E+00
 0.12200000E+01 -0.56309210E+00  0.23593404E+00  0.16608171E+01  0.23593404E+00
 0.12300000E+01 -0.57188529E+00  0.22006784E+00  0.16696103E+01  0.22006783E+00
 0.12400000E+01 -0.58067847E+00  0.20322163E+00  0.16784034E+01  0.20322163E+00
 0.12500000E+01 -0.58947165E+00  0.18539543E+00  0.16871966E+01  0.18539543E+00
 0.12600000E+01 -0.59826483E+00  0.16658923E+00  0.16959898E+01  0.16658923E+00
 0.12700000E+01 -0.60705802E+00  0.14680303E+00  0.17047830E+01  0.14680303E+00
 0.12800000E+01 -0.61585120E+00  0.12603683E+00  0.17135762E+01  0.12603683E+00
 0.12900000E+01 -0.62464438E+00  0.10429063E+00  0.17223694E+01  0.10429062E+00
 0.13000000E+01 -0.63343756E+00  0.10317882E+00  0.17311625E+01  0.10317881E+00
 0.13100000E+01 -0.64223075E+00  0.12270140E+00  0.17399557E+01  0.12270140E+00
 0.13200000E+01 -0.65102393E+00  0.14124398E+00  0.17487489E+01  0.14124398E+00
 0.13300000E+01 -0.65981711E+00  0.15880656E+00  0.17575421E+01  0.15880656E+00
 0.13400000E+01 -0.66861030E+00  0.17538914E+00  0.17663353E+01  0.17538914E+00
 0.13500000E+01 -0.67740348E+00  0.19099172E+00  0.17751285E+01  0.19099172E+00
 0.13600000E+01 -0.68619666E+00  0.20561430E+00  0.17839216E+01  0.20561430E+00
 0.13700000E+01 -0.69498984E+00  0.21925688E+00  0.17927148E+01  0.21925688E+00
 0.13800000E+01 -0.70378303E+00  0.23191946E+00  0.18015080E+01  0.23191946E+00
 0.13900000E+01 -0.71257621E+00  0.24360204E+00  0.18103012E+01  0.24360204E+00
 0.14000000E+01 -0.72136939E+00  0.25430462E+00  0.18190944E+01  0.25430462E+00
 0.14100000E+01 -0.73016258E+00  0.26402720E+00  0.18278876E+01  0.26402720E+00
 0.14200000E+01 -0.73895576E+00  0.27276978E+00  0.18366807E+01  0.27276978E+00
 0.14300000E+01 -0.74774894E+00  0.28053236E+00  0.18454739E+01  0.28053236E+00
 0.14400000E+01 -0.75654213E+00  0.28731494E+00  0.18542671E+01  0.28731494E+00
 0.14500000E+01 -0.76533531E+00  0.29311752E+00  0.18630603E+01  0.29311752E+00
 0.14600000E+01 -0.77412849E+00  0.29794010E+00  0.18718535E+01  0.29794010E+00
 0.14700000E+01 -0.78292168E+00  0.30178268E+00  0.18806467E+01  0.30178268E+00
 0.14800000E+01 -0.79171486E+00  0.30464526E+00  0.18894398E+01  0.30464526E+00
 0.14900000E+01 -0.80050804E+00  0.30652784E+00  0.18982330E+01  0.30652784E+00
 0.15000000E+01 -0.80930122E+00  0.30743042E+00  0.19070262E+01  0.30743042E+00
 0.15100000E+01 -0.81809441E+00  0.30735300E+00  0.19158194E+01  0.30735300E+00
 0.15200000E+01 -0.82688759E+00  0.30629558E+00  0.19246126E+01  0.30629558E+00
 0.15300000E+01 -0.83568077E+00  0.30425816E+00  0.19334058E+01  0.30425815E+00
 0.15400000E+01 -0.84447396E+00  0.30124073E+00  0.19421989E+01  0.30124073E+00
 0.15500000E+01 -0.85326714E+00  0.29724331E+00  0.19509921E+01  0.29724331E+00
 0.15600000E+01 -0.86206032E+00  0.29226589E+00  0.19597853E+01  0.29226589E+00
 0.15700000E+01 -0.87085351E+00  0.28630847E+00  0.19685785E+01  0.28630847E+00
 0.15800000E+01 -0.87964669E+00  0.27937105E+00  0.19773717E+01  0.27937105E+00
 0.15900000E+01 -0.88843987E+00  0.27145363E+00  0.19861649E+01  0.27145363E+00
 0.16000000E+01 -0.89723306E+00  0.26255621E+00  0.19949580E+01  0.26255621E+00
 0.16100000E+01 -0.90602624E+00  0.25267879E+00  0.20037512E+01  0.25267878E+00
 0.16200000E+01 -0.91481942E+00  0.24182136E+00  0.20125444E+01  0.24182136E+00
 0.16300000E+01 -0.92361260E+00  0.22998394E+00  0.20213376E+01  0.22998394E+00
 0.16400000E+01 -0.93240579E+00  0.21716652E+00  0.20301308E+01  0.21716652E+00
 0.16500000E+01 -0.94119897E+00  0.20336910E+00  0.20389239E+01  0.20336910E+00
 0.16600000E+01 -0.94999215E+00  0.18859168E+00  0.20477171E+01  0.18859168E+00
 0.16700000E+01 -0.95878534E+00  0.17283426E+00  0.20565103E+01  0.17283425E+00
 0.16800001E+01 -0.96757852E+00  0.15609683E+00  0.20653035E+01  0.15609683E+00
 0.16900001E+01 -0.97637170E+00  0.13837941E+00  0.20740967E+01  0.13837941E+00
 0.17000001E+01 -0.98516489E+00  0.11968199E+00  0.20828899E+01  0.11968199E+00
 0.17100001E+01 -0.99395807E+00  0.10000457E+00  0.20916830E+01  0.10000457E+00
 0.17200001E+01 -0.10027513E+01  0.98996196E-01  0.21004762E+01  0.98996194E-01
 0.17300001E+01 -0.10115444E+01  0.11665688E+00  0.21092694E+01  0.11665687E+00
 0.17400001E+01 -0.10203376E+01  0.13333755E+00  0.21180626E+01  0.13333755E+00
 0.17500001E+01 -0.10291308E+01  0.14903823E+00  0.21268558E+01  0.14903823E+00
 0.17600001E+01 -0.10379240E+01  0.16375891E+00  0.21356490E+01  0.16375891E+00
 0.17700001E+01 -0.10467172E+01  0.17749959E+00  0.21444422E+01  0.17749959E+00
 0.17800001E+01 -0.10555104E+01  0.19026027E+00  0.21532353E+01  0.19026027E+00
 0.17900001E+01 -0.10643035E+01  0.20204095E+00  0.21620285E+01  0.20204095E+00
 0.18000001E+01 -0.10730967E+01  0.21284163E+00  0.21708217E+01  0.21284163E+00
 0.18100001E+01 -0.10818899E+01  0.22266231E+00  0.21796149E+01  0.22266230E+00
 0.18200001E+01 -0.10906831E+01  0.23150298E+00  0.21884081E+01  0.23150298E+00
 0.18300001E+01 -0.10994763E+01  0.23936366E+00  0.21972013E+01  0.23936366E+00
 0.18400001E+01 -0.11082695E+01  0.24624434E+00  0.22059944E+01  0.24624434E+00
 0.18500001E+01 -0.11170626E+01  0.25214502E+00  0.22147876E+01  0.25214502E+00
 0.18600001E+01 -0.11258558E+01  0.25706570E+00  0.22235808E+01  0.25706570E+00
 0.18700001E+01 -0.11346490E+01  0.26100638E+00  0.22323740E+01  0.26100637E+00
 0.18800001E+01 -0.11434422E+01  0.26396705E+00  0.22411672E+01  0.26396705E+00
 0.18900001E+01 -0.11522354E+01  0.26594773E+00  0.22499604E+01  0.26594773E+00
 0.19000001E+01 -0.11610286E+01  0.26694841E+00  0.22587535E+01  0.26694841E+00
 0.19100001E+01 -0.11698217E+01  0.26696909E+00  0.22675467E+01  0.26696909E+00
 0.19200001E+01 -0.11786149E+01  0.26600977E+00  0.22763399E+01  0.26600976E+00
 0.19300001E+01 -0.11874081E+01  0.26407044E+00  0.22851331E+01  0.26407044E+00
 0.19400001E+01 -0.11962013E+01  0.26115112E+00  0.22939263E+01  0.26115112E+00
 0.19500001E+01 -0.12049945E+01  0.25725180E+00  0.23027195E+01  0.25725180E+00
 0.19600001E+01 -0.12137877E+01  0.25237248E+00  0.23115126E+01  0.25237247E+00
 0.19700001E+01 -0.12225808E+01  0.24651315E+00  0.23203058E+01  0.24651315E+00
 0.19800001E+01 -0.12313740E+01  0.23967383E+00  0.23290990E+01  0.23967383E+00
 0.19900001E+01 -0.12401672E+01  0.23185451E+00  0.23378922E+01  0.23185451E+00
 0.20000001E+01 -0.12489604E+01  0.22305518E+00  0.23466854E+01  0.22305518E+00
 0.20100001E+01 -0.12577536E+01  0.21327586E+00  0.23554786E+01  0.21327586E+00
 0.20200001E+01 -0.12665468E+01  0.20251654E+00  0.23642717E+01  0.20251654E+00
 0.20300001E+01 -0.12753399E+01  0.19077722E+00  0.23730649E+01  0.19077721E+00
 0.20400001E+01 -0.12841331E+01  0.17805789E+00  0.23818581E+01  0.17805789E+00
 0.20500001E+01 -0.12929263E+01  0.16435857E+00  0.23906513E+01  0.16435857E+00
 0.20600001E+01 -0.13017195E+01  0.14967925E+00  0.23994445E+01  0.14967924E+00
 0.20700001E+01 -0.13105127E+01  0.13401992E+00  0.24082377E+01  0.13401992E+00
 0.20800001E+01 -0.13193059E+01  0.11738060E+00  0.24170309E+01  0.11738060E+00
 0.20900001E+01 -0.13280990E+01  0.99761275E-01  0.24258240E+01  0.99761274E-01
 0.21000001E+01 -0.13368922E+01  0.98855809E-01  0.24346172E+01  0.98855807E-01
 0.21100001E+01 -0.13456854E+01  0.11466420E+00  0.24434104E+01  0.11466420E+00
 0.21200001E+01 -0.13544786E+01  0.12949259E+00  0.24522036E+01  0.12949259E+00
 0.21300001E+01 -0.13632718E+01  0.14334098E+00  0.24609968E+01  0.14334098E+00
 0.21400001E+01 -0.13720650E+01  0.15620937E+00  0.24697900E+01  0.15620937E+00
 0.21500001E+01 -0.13808582E+01  0.16809776E+00  0.24785831E+01  0.16809776E+00
 0.21600001E+01 -0.13896513E+01  0.17900615E+00  0.24873763E+01  0.17900615E+00
 0.21700001E+01 -0.13984445E+01  0.18893454E+00  0.24961695E+01  0.18893454E+00
 0.21800001E+01 -0.14072377E+01  0.19788293E+00  0.25049627E+01  0.19788293E+00
 0.21900001E+01 -0.14160309E+01  0.20585132E+00  0.25137559E+01  0.20585132E+00
 0.22000001E+01 -0.14248241E+01  0.21283971E+00  0.25225491E+01  0.21283971E+00
 0.22100001E+01 -0.14336173E+01  0.21884810E+00  0.25313422E+01  0.21884810E+00
 0.22200001E+01 -0.14424104E+01  0.22387649E+00  0.25401354E+01  0.22387649E+00
 0.22300001E+01 -0.14512036E+01  0.22792488E+00  0.25489286E+01  0.22792488E+00
 0.22400001E+01 -0.14599968E+01  0.23099327E+00  0.25577218E+01  0.23099327E+00
 0.22500001E+01 -0.14687900E+01  0.23308166E+00  0.25665150E+01  0.23308165E+00
 0.22600001E+01 -0.14775832E+01  0.23419005E+00  0.25753082E+01  0.23419004E+00
 0.22700001E+01 -0.14863764E+01  0.23431844E+00  0.25841014E+01  0.23431843E+00
 0.22800001E+01 -0.14951695E+01  0.23346682E+00  0.25928945E+01  0.23346682E+00
 0.22900001E+01 -0.15039627E+01  0.23163521E+00  0.26016877E+01  0.23163521E+00
 0.23000001E+01 -0.15127559E+01  0.22882360E+00  0.26104809E+01  0.22882360E+00
 0.23100001E+01 -0.15215491E+01  0.22503199E+00  0.26192741E+01  0.22503199E+00
 0.23200001E+01 -0.15303423E+01  0.22026038E+00  0.26280673E+01  0.22026038E+00
 0.23300001E+01 -0.15391355E+01  0.21450877E+00  0.26368605E+01  0.21450877E+00
 0.23400001E+01 -0.15479287E+01  0.20777716E+00  0.26456536E+01  0.20777716E+00
 0.23500001E+01 -0.15567218E+01  0.20006555E+00  0.26544468E+01  0.20006554E+00
 0.23600001E+01 -0.15655150E+01  0.19137393E+00  0.26632400E+01  0.19137393E+00
 0.23700001E+01 -0.15743082E+01  0.18170232E+00  0.26720332E+01  0.18170232E+00
 0.23800001E+01 -0.15831014E+01  0.17105071E+00  0.26808264E+01  0.17105071E+00
 0.23900001E+01 -0.15918946E+01  0.15941910E+00  0.26896196E+01  0.15941910E+00
 0.24000001E+01 -0.16006878E+01  0.14680749E+00  0.26984128E+01  0.14680749E+00
 0.24100001E+01 -0.16094809E+01  0.13321588E+00  0.27072059E+01  0.13321587E+00
 0.24200001E+01 -0.16182741E+01  0.11864426E+00  0.27159991E+01  0.11864426E+00
 0.24300001E+01 -0.16270673E+01  0.10309265E+00  0.27247923E+01  0.10309265E+00
 0.24400001E+01 -0.16358605E+01  0.10229057E+00  0.27335855E+01  0.10229057E+00
 0.24500001E+01 -0.16446537E+01  0.11623802E+00  0.27423787E+01  0.11623802E+00
 0.24600001E+01 -0.16534469E+01  0.12920547E+00  0.27511719E+01  0.12920547E+00
 0.24700001E+01 -0.16622401E+01  0.14119292E+00  0.27599650E+01  0.14119292E+00
 0.24800001E+01 -0.16710332E+01  0.15220037E+00  0.27687582E+01  0.15220037E+00
 0.24900001E+01 -0.16798264E+01  0.16222782E+00  0.27775514E+01  0.16222782E+00
 0.25000001E+01 -0.16886196E+01  0.17127527E+00  0.27863446E+01  0.17127527E+00
 0.25100001E+01 -0.16974128E+01  0.17934272E+00  0.27951378E+01  0.17934272E+00
 0.25200001E+01 -0.17062060E+01  0.18643017E+00  0.28039310E+01  0.18643017E+00
 0.25300001E+01 -0.17149992E+01  0.19253762E+00  0.28127242E+01  0.19253762E+00
 0.25400001E+01 -0.17237923E+01  0.19766507E+00  0.28215173E+01  0.19766507E+00
 0.25500001E+01 -0.17325855E+01  0.20181252E+00  0.28303105E+01  0.20181251E+00
 0.25600001E+01 -0.17413787E+01  0.20497997E+00  0.28391037E+01  0.20497996E+00
 0.25700001E+01 -0.17501719E+01  0.20716741E+00  0.28478969E+01  0.20716741E+00
 0.25800001E+01 -0.17589651E+01  0.20837486E+00  0.28566901E+01  0.20837486E+00
 0.25900001E+01 -0.17677583E+01  0.20860231E+00  0.28654833E+01  0.20860231E+00
 0.26000001E+01 -0.17765515E+01  0.20784976E+00  0.28742765E+01  0.20784976E+00
 0.26100001E+01 -0.17853446E+01  0.20611721E+00  0.28830696E+01  0.20611721E+00
 0.26200001E+01 -0.17941378E+01  0.20340466E+00  0.28918628E+01  0.20340466E+00
 0.26300001E+01 -0.18029310E+01  0.19971211E+00  0.29006560E+01  0.19971211E+00
 0.26400001E+01 -0.18117242E+01  0.19503956E+00  0.29094492E+01  0.19503955E+00
 0.26500001E+01 -0.18205174E+01  0.18938701E+00  0.29182424E+01  0.18938700E+00
 0.26600001E+01 -0.18293106E+01  0.18275445E+00  0.29270356E+01  0.18275445E+00
 0.26700001E+01 -0.18381038E+01  0.17514190E+00  0.29358288E+01  0.17514190E+00
 0.26800001E+01 -0.18468969E+01  0.16654935E+00  0.29446219E+01  0.16654935E+00
 0.26900001E+01 -0.18556901E+01  0.15697680E+00  0.29534151E+01  0.15697680E+00
 0.27000001E+01 -0.18644833E+01  0.14642425E+00  0.29622083E+01  0.14642424E+00
 0.27100001E+01 -0.18732765E+01  0.13489169E+00  0.29710015E+01  0.13489169E+00
 0.27200001E+01 -0.18820697E+01  0.12237914E+00  0.29797947E+01  0.12237914E+00
 0.27300001E+01 -0.18908629E+01  0.10888659E+00  0.29885879E+01  0.10888659E+00
 0.27400001E+01 -0.18996560E+01  0.94414038E-01  0.29973810E+01  0.94414036E-01
 0.27500001E+01 -0.19084492E+01  0.93665910E-01  0.30061742E+01  0.93665908E-01
 0.27600001E+01 -0.19172424E+01  0.10664221E+00  0.30149674E+01  0.10664220E+00
 0.27700001E+01 -0.19260356E+01  0.11863850E+00  0.30237606E+01  0.11863850E+00
 0.27800001E+01 -0.19348288E+01  0.12965480E+00  0.30325538E+01  0.12965480E+00
 0.27900001E+01 -0.19436220E+01  0.13969109E+00  0.30413470E+01  0.13969109E+00
 0.28000001E+01 -0.19524152E+01  0.14874739E+00  0.30501402E+01  0.14874739E+00
 0.28100001E+01 -0.19612083E+01  0.15682369E+00  0.30589333E+01  0.15682368E+00
 0.28200001E+01 -0.19700015E+01  0.16391998E+00  0.30677265E+01  0.16391998E+00
 0.28300001E+01 -0.19787947E+01  0.17003628E+00  0.30765197E+01  0.17003627E+00
 0.28400001E+01 -0.19875879E+01  0.17517257E+00  0.30853129E+01  0.17517257E+00
 0.28500001E+01 -0.19963811E+01  0.17932887E+00  0.30941061E+01  0.17932887E+00
 0.28600001E+01 -0.20051743E+01  0.18250516E+00  0.31028993E+01  0.18250516E+00
 0.28700001E+01 -0.20139675E+01  0.18470146E+00  0.31116925E+01  0.18470146E+00
 0.28800001E+01 -0.20227606E+01  0.18591775E+00  0.31204857E+01  0.18591775E+00
 0.28900001E+01 -0.20315538E+01  0.18615405E+00  0.31292788E+01  0.18615405E+00
 0.29000001E+01 -0.20403470E+01  0.18541034E+00  0.31380720E+01  0.18541034E+00
 0.29100001E+01 -0.20491402E+01  0.18368664E+00  0.31468652E+01  0.18368664E+00
 0.29200001E+01 -0.20579334E+01  0.18098293E+00  0.31556584E+01  0.18098293E+00
 0.29300001E+01 -0.20667266E+01  0.17729923E+00  0.31644516E+01  0.17729923E+00
 0.29400001E+01 -0.20755198E+01  0.17263552E+00  0.31732448E+01  0.17263552E+00
 0.29500001E+01 -0.20843129E+01  0.16699182E+00  0.31820380E+01  0.16699182E+00
 0.29600001E+01 -0.20931061E+01  0.16036811E+00  0.31908311E+01  0.16036811E+00
 0.29700001E+01 -0.21018993E+01  0.15276441E+00  0.31996243E+01  0.15276440E+00
 0.29800001E+01 -0.21106925E+01  0.14418070E+00  0.32084175E+01  0.14418070E+00
 0.29900001E+01 -0.21194857E+01  0.13461700E+00  0.32172107E+01  0.13461699E+00
 0.30000001E+01 -0.21282789E+01  0.12407329E+00  0.32260039E+01  0.12407329E+00
 0.30100001E+01 -0.21370721E+01  0.11254958E+00  0.32347971E+01  0.11254958E+00
 0.30200001E+01 -0.21458652E+01  0.10004588E+00  0.32435903E+01  0.10004588E+00
 0.30300001E+01 -0.21546584E+01  0.99396193E-01  0.32523834E+01  0.99396190E-01
 0.30400001E+01 -0.21634516E+01  0.11060053E+00  0.32611766E+01  0.11060052E+00
 0.30500001E+01 -0.21722448E+01  0.12082486E+00  0.32699698E+01  0.12082486E+00
 0.30600001E+01 -0.21810380E+01  0.13006920E+00  0.32787630E+01  0.13006919E+00
 0.30700001E+01 -0.21898312E+01  0.13833353E+00  0.32875562E+01  0.13833353E+00
 0.30800001E+01 -0.21986244E+01  0.14561786E+00  0.32963494E+01  0.14561786E+00
 0.30900001E+01 -0.22074175E+01  0.15192220E+00  0.33051426E+01  0.15192220E+00
 0.31000001E+01 -0.22162107E+01  0.15724653E+00  0.33139357E+01  0.15724653E+00
 0.31100001E+01 -0.22250039E+01  0.16159087E+00  0.33227289E+01  0.16159086E+00
 0.31200001E+01 -0.22337971E+01  0.16495520E+00  0.33315221E+01  0.16495520E+00
 0.31300001E+01 -0.22425903E+01  0.16733953E+00  0.33403153E+01  0.16733953E+00
 0.31400001E+01 -0.22513835E+01  0.16874387E+00  0.33491085E+01  0.16874386E+00
 0.31500001E+01 -0.22601767E+01  0.16916820E+00  0.33579017E+01  0.16916820E+00
 0.31600001E+01 -0.22689699E+01  0.16861253E+00  0.33666949E+01  0.16861253E+00
 0.31700001E+01 -0.22777630E+01  0.16707687E+00  0.33754881E+01  0.16707687E+00
 0.31800001E+01 -0.22865562E+01  0.16456120E+00  0.33842812E+01  0.16456120E+00
 0.31900001E+01 -0.22953494E+01  0.16106553E+00  0.33930744E+01  0.16106553E+00
 0.32000001E+01 -0.23041426E+01  0.15658987E+00  0.34018676E+01  0.15658987E+00
 0.32100001E+01 -0.23129358E+01  0.15113420E+00  0.34106608E+01  0.15113420E+00
 0.32200001E+01 -0.23217290E+01  0.14469853E+00  0.34194540E+01  0.14469853E+00
 0.32300001E+01 -0.23305222E+01  0.13728287E+00  0.34282472E+01  0.13728286E+00
 0.32400001E+01 -0.23393153E+01  0.12888720E+00  0.34370404E+01  0.12888720E+00
 0.32500001E+01 -0.23481085E+01  0.11951153E+00  0.34458335E+01  0.11951153E+00
 0.32600001E+01 -0.23569017E+01  0.10915587E+00  0.34546267E+01  0.10915586E+00
 0.32700001E+01 -0.23656949E+01  0.97820198E-01  0.34634199E+01  0.97820195E-01
 0.32800001E+01 -0.23744881E+01  0.97228914E-01  0.34722131E+01  0.97228911E-01
 0.32900001E+01 -0.23832813E+01  0.10738201E+00  0.34810063E+01  0.10738201E+00
 0.33000001E+01 -0.23920745E+01  0.11655511E+00  0.34897995E+01  0.11655511E+00
 0.33100001E+01 -0.24008677E+01  0.12474821E+00  0.34985927E+01  0.12474821E+00
 0.33200001E+01 -0.24096608E+01  0.13196131E+00  0.35073859E+01  0.13196131E+00
 0.33300001E+01 -0.24184540E+01  0.13819441E+00  0.35161790E+01  0.13819441E+00
 0.33400001E+01 -0.24272472E+01  0.14344751E+00  0.35249722E+01  0.14344751E+00
 0.33500001E+01 -0.24360404E+01  0.14772061E+00  0.35337654E+01  0.14772061E+00
 0.33600001E+01 -0.24448336E+01  0.15101371E+00  0.35425586E+01  0.15101371E+00
 0.33700001E+01 -0.24536268E+01  0.15332681E+00  0.35513518E+01  0.15332681E+00
 0.33800001E+01 -0.24624200E+01  0.15465991E+00  0.35601450E+01  0.15465991E+00
 0.33900001E+01 -0.24712131E+01  0.15501301E+00  0.35689382E+01  0.15501300E+00
 0.34000001E+01 -0.24800063E+01  0.15438611E+00  0.35777314E+01  0.15438610E+00
 0.34100001E+01 -0.24887995E+01  0.15277920E+00  0.35865245E+01  0.15277920E+00
 0.34200001E+01 -0.24975927E+01  0.15019230E+00  0.35953177E+01  0.15019230E+00
 0.34300001E+01 -0.25063859E+01  0.14662540E+00  0.36041109E+01  0.14662540E+00
 0.34400001E+01 -0.25151791E+01  0.14207850E+00  0.36129041E+01  0.14207850E+00
 0.34500001E+01 -0.25239723E+01  0.13655160E+00  0.36216973E+01  0.13655160E+00
 0.34600001E+01 -0.25327655E+01  0.13004470E+00  0.36304905E+01  0.13004469E+00
 0.34700001E+01 -0.25415586E+01  0.12255780E+00  0.36392837E+01  0.12255779E+00
 0.34800001E+01 -0.25503518E+01  0.11409089E+00  0.36480769E+01  0.11409089E+00
 0.34900001E+01 -0.25591450E+01  0.10464399E+00  0.36568700E+01  0.10464399E+00
 0.35000001E+01 -0.25679382E+01  0.10414715E+00  0.36656632E+01  0.10414714E+00
 0.35100001E+01 -0.25767314E+01  0.11260036E+00  0.36744564E+01  0.11260035E+00
 0.35200001E+01 -0.25855246E+01  0.12007357E+00  0.36832496E+01  0.12007357E+00
 0.35300001E+01 -0.25943178E+01  0.12656678E+00  0.36920428E+01  0.12656678E+00
 0.35400001E+01 -0.26031110E+01  0.13207999E+00  0.37008360E+01  0.13207999E+00
 0.35500001E+01 -0.26119041E+01  0.13661320E+00  0.37096292E+01  0.13661320E+00
 0.35600001E+01 -0.26206973E+01  0.14016641E+00  0.37184224E+01  0.14016641E+00
 0.35700001E+01 -0.26294905E+01  0.14273962E+00  0.37272155E+01  0.14273962E+00
 0.35800001E+01 -0.26382837E+01  0.14433283E+00  0.37360087E+01  0.14433283E+00
 0.35900001E+01 -0.26470769E+01  0.14494604E+00  0.37448019E+01  0.14494604E+00
 0.36000001E+01 -0.26558701E+01  0.14457925E+00  0.37535951E+01  0.14457925E+00
 0.36100001E+01 -0.26646633E+01  0.14323246E+00  0.37623883E+01  0.14323246E+00
 0.36200001E+01 -0.26734565E+01  0.14090567E+00  0.37711815E+01  0.14090567E+00
 0.36300001E+01 -0.26822496E+01  0.13759888E+00  0.37799747E+01  0.13759888E+00
 0.36400001E+01 -0.26910428E+01  0.13331209E+00  0.37887679E+01  0.13331209E+00
 0.36500001E+01 -0.26998360E+01  0.12804530E+00  0.37975610E+01  0.12804530E+00
 0.36600001E+01 -0.27086292E+01  0.12179851E+00  0.38063542E+01  0.12179851E+00
 0.36700001E+01 -0.27174224E+01  0.11457172E+00  0.38151474E+01  0.11457172E+00
 0.36800001E+01 -0.27262156E+01  0.10636493E+00  0.38239406E+01  0.10636493E+00
 0.36900001E+01 -0.27350088E+01  0.97178138E-01  0.38327338E+01  0.97178135E-01
 0.37000001E+01 -0.27438020E+01  0.96694298E-01  0.38415270E+01  0.96694295E-01
 0.37100001E+01 -0.27525951E+01  0.10491341E+00  0.38503202E+01  0.10491341E+00
 0.37200001E+01 -0.27613883E+01  0.11215252E+00  0.38591134E+01  0.11215252E+00
 0.37300001E+01 -0.27701815E+01  0.11841163E+00  0.38679066E+01  0.11841163E+00
 0.37400001E+01 -0.27789747E+01  0.12369074E+00  0.38766997E+01  0.12369074E+00
 0.37500001E+01 -0.27877679E+01  0.12798985E+00  0.38854929E+01  0.12798985E+00
 0.37600001E+01 -0.27965611E+01  0.13130896E+00  0.38942861E+01  0.13130896E+00
 0.37700001E+01 -0.28053543E+01  0.13364807E+00  0.39030793E+01  0.13364807E+00
 0.37800001E+01 -0.28141475E+01  0.13500718E+00  0.39118725E+01  0.13500718E+00
 0.37900001E+01 -0.28229407E+01  0.13538629E+00  0.39206657E+01  0.13538629E+00
 0.38000001E+01 -0.28317338E+01  0.13478540E+00  0.39294589E+01  0.13478540E+00
 0.38100001E+01 -0.28405270E+01  0.13320451E+00  0.39382521E+01  0.13320451E+00
 0.38200001E+01 -0.28493202E+01  0.13064362E+00  0.39470453E+01  0.13064362E+00
 0.38300001E+01 -0.28581134E+01  0.12710273E+00  0.39558384E+01  0.12710273E+00
 0.38400001E+01 -0.28669066E+01  0.12258184E+00  0.39646316E+01  0.12258184E+00
 0.38500001E+01 -0.28756998E+01  0.11708095E+00  0.39734248E+01  0.11708095E+00
 0.38600001E+01 -0.28844930E+01  0.11060006E+00  0.39822180E+01  0.11060006E+00
 0.38700001E+01 -0.28932862E+01  0.10313917E+00  0.39910112E+01  0.10313917E+00
 0.38800001E+01 -0.29020793E+01  0.10274162E+00  0.39998044E+01  0.10274162E+00
 0.38900001E+01 -0.29108725E+01  0.10940742E+00  0.40085976E+01  0.10940742E+00
 0.39000001E+01 -0.29196657E+01  0.11509323E+00  0.40173908E+01  0.11509322E+00
 0.39100001E+01 -0.29284589E+01  0.11979903E+00  0.40261840E+01  0.11979902E+00
 0.39200001E+01 -0.29372521E+01  0.12352483E+00  0.40349771E+01  0.12352482E+00
 0.39300001E+01 -0.29460453E+01  0.12627063E+00  0.40437703E+01  0.12627062E+00
 0.39400001E+01 -0.29548385E+01  0.12803643E+00  0.40525635E+01  0.12803642E+00
 0.39500001E+01 -0.29636317E+01  0.12882223E+00  0.40613567E+01  0.12882222E+00
 0.39600001E+01 -0.29724249E+01  0.12862803E+00  0.40701499E+01  0.12862802E+00
 0.39700001E+01 -0.29812180E+01  0.12745383E+00  0.40789431E+01  0.12745382E+00
 0.39800001E+01 -0.29900112E+01  0.12529963E+00  0.40877363E+01  0.12529962E+00
 0.39900001E+01 -0.29988044E+01  0.12216543E+00  0.40965295E+01  0.12216542E+00
 0.40000001E+01 -0.30075976E+01  0.11805123E+00  0.41053227E+01  0.11805122E+00
 0.40100001E+01 -0.30163908E+01  0.11295703E+00  0.41141158E+01  0.11295702E+00
 0.40200001E+01 -0.30251840E+01  0.10688283E+00  0.41229090E+01  0.10688282E+00
 0.40300001E+01 -0.30339772E+01  0.99828626E-01  0.41317022E+01  0.99828622E-01
 0.40400001E+01 -0.30427704E+01  0.99451415E-01  0.41404954E+01  0.99451412E-01
 0.40500001E+01 -0.30515636E+01  0.10575119E+00  0.41492886E+01  0.10575119E+00
 0.40600001E+01 -0.30603567E+01  0.11107097E+00  0.41580818E+01  0.11107097E+00
 0.40700001E+01 -0.30691499E+01  0.11541075E+00  0.41668750E+01  0.11541075E+00
 0.40800001E+01 -0.30779431E+01  0.11877053E+00  0.41756682E+01  0.11877053E+00
 0.40900001E+01 -0.30867363E+01  0.12115031E+00  0.41844614E+01  0.12115031E+00
 0.41000001E+01 -0.30955295E+01  0.12255009E+00  0.41932546E+01  0.12255009E+00
 0.41100001E+01 -0.31043227E+01  0.12296987E+00  0.42020477E+01  0.12296987E+00
 0.41200001E+01 -0.31131159E+01  0.12240965E+00  0.42108409E+01  0.12240965E+00
 0.41300001E+01 -0.31219091E+01  0.12086943E+00  0.42196341E+01  0.12086942E+00
 0.41400001E+01 -0.31307023E+01  0.11834921E+00  0.42284273E+01  0.11834920E+00
 0.41500001E+01 -0.31394955E+01  0.11484899E+00  0.42372205E+01  0.11484898E+00
 0.41600001E+01 -0.31482886E+01  0.11036876E+00  0.42460137E+01  0.11036876E+00
 0.41700001E+01 -0.31570818E+01  0.10490854E+00  0.42548069E+01  0.10490854E+00
 0.41800001E+01 -0.31658750E+01  0.98468321E-01  0.42636001E+01  0.98468318E-01
 0.41900001E+01 -0.31746682E+01  0.98121810E-01  0.42723933E+01  0.98121806E-01
 0.42000001E+01 -0.31834614E+01  0.10386901E+00  0.42811864E+01  0.10386900E+00
 0.42100001E+01 -0.31922546E+01  0.10863621E+00  0.42899796E+01  0.10863620E+00
 0.42200001E+01 -0.32010478E+01  0.11242340E+00  0.42987728E+01  0.11242340E+00
 0.42300001E+01 -0.32098410E+01  0.11523060E+00  0.43075660E+01  0.11523060E+00
 0.42400001E+01 -0.32186342E+01  0.11705780E+00  0.43163592E+01  0.11705780E+00
 0.42500001E+01 -0.32274273E+01  0.11790500E+00  0.43251524E+01  0.11790500E+00
 0.42600001E+01 -0.32362205E+01  0.11777220E+00  0.43339456E+01  0.11777219E+00
 0.42700001E+01 -0.32450137E+01  0.11665940E+00  0.43427388E+01  0.11665939E+00
 0.42800001E+01 -0.32538069E+01  0.11456659E+00  0.43515320E+01  0.11456659E+00
 0.42900001E+01 -0.32626001E+01  0.11149379E+00  0.43603252E+01  0.11149379E+00
 0.43000001E+01 -0.32713933E+01  0.10744099E+00  0.43691184E+01  0.10744098E+00
 0.43100001E+01 -0.32801865E+01  0.10240819E+00  0.43779115E+01  0.10240818E+00
 0.43200001E+01 -0.32889797E+01  0.10213205E+00  0.43867047E+01  0.10213204E+00
 0.43300001E+01 -0.32977729E+01  0.10661257E+00  0.43954979E+01  0.10661256E+00
 0.43400001E+01 -0.33065661E+01  0.11011309E+00  0.44042911E+01  0.11011308E+00
 0.43500001E+01 -0.33153592E+01  0.11263361E+00  0.44130843E+01  0.11263361E+00
 0.43600001E+01 -0.33241524E+01  0.11417413E+00  0.44218775E+01  0.11417413E+00
 0.43700001E+01 -0.33329456E+01  0.11473465E+00  0.44306707E+01  0.11473465E+00
 0.43800001E+01 -0.33417388E+01  0.11431517E+00  0.44394639E+01  0.11431517E+00
 0.43900001E+01 -0.33505320E+01  0.11291569E+00  0.44482571E+01  0.11291569E+00
 0.44000001E+01 -0.33593252E+01  0.11053621E+00  0.44570503E+01  0.11053621E+00
 0.44100001E+01 -0.33681184E+01  0.10717673E+00  0.44658434E+01  0.10717673E+00
 0.44200001E+01 -0.33769116E+01  0.10283725E+00  0.44746366E+01  0.10283725E+00
 0.44300001E+01 -0.33857048E+01  0.97517775E-01  0.44834298E+01  0.97517771E-01
 0.44400001E+01 -0.33944980E+01  0.97227301E-01  0.44922230E+01  0.97227297E-01
 0.44500001E+01 -0.34032912E+01  0.10196583E+00  0.45010162E+01  0.10196583E+00
 0.44600001E+01 -0.34120843E+01  0.10572436E+00  0.45098094E+01  0.10572436E+00
 0.44700001E+01 -0.34208775E+01  0.10850289E+00  0.45186026E+01  0.10850289E+00
 0.44800001E+01 -0.34296707E+01  0.11030142E+00  0.45273958E+01  0.11030142E+00
 0.44900001E+01 -0.34384639E+01  0.11111995E+00  0.45361890E+01  0.11111995E+00
 0.45000001E+01 -0.34472571E+01  0.11095848E+00  0.45449822E+01  0.11095848E+00
 0.45100001E+01 -0.34560503E+01  0.10981701E+00  0.45537754E+01  0.10981701E+00
 0.45200001E+01 -0.34648435E+01  0.10769554E+00  0.45625686E+01  0.10769554E+00
 0.45300001E+01 -0.34736367E+01  0.10459407E+00  0.45713617E+01  0.10459407E+00
 0.45400001E+01 -0.34824299E+01  0.10051260E+00  0.45801549E+01  0.10051260E+00
 0.45500001E+01 -0.34912231E+01  0.10028403E+00  0.45889481E+01  0.10028403E+00
 0.45600001E+01 -0.35000163E+01  0.10390835E+00  0.45977413E+01  0.10390835E+00
 0.45700001E+01 -0.35088094E+01  0.10655267E+00  0.46065345E+01  0.10655267E+00
 0.45800001E+01 -0.35176026E+01  0.10821700E+00  0.46153277E+01  0.10821699E+00
 0.45900001E+01 -0.35263958E+01  0.10890132E+00  0.46241209E+01  0.10890131E+00
 0.46000001E+01 -0.35351890E+01  0.10860564E+00  0.46329141E+01  0.10860564E+00
 0.46100001E+01 -0.35439822E+01  0.10732996E+00  0.46417073E+01  0.10732996E+00
 0.46200001E+01 -0.35527754E+01  0.10507428E+00  0.46505005E+01  0.10507428E+00
 0.46300001E+01 -0.35615686E+01  0.10183860E+00  0.46592937E+01  0.10183860E+00
 0.46400001E+01 -0.35703618E+01  0.10165232E+00  0.46680868E+01  0.10165232E+00
 0.46500001E+01 -0.35791550E+01  0.10451543E+00  0.46768800E+01  0.10451543E+00
 0.46600001E+01 -0.35879482E+01  0.10639854E+00  0.46856732E+01  0.10639854E+00
 0.46700001E+01 -0.35967414E+01  0.10730165E+00  0.46944664E+01  0.10730164E+00
 0.46800001E+01 -0.36055345E+01  0.10722476E+00  0.47032596E+01  0.10722475E+00
 0.46900001E+01 -0.36143277E+01  0.10616787E+00  0.47120528E+01  0.10616786E+00
 0.47000001E+01 -0.36231209E+01  0.10413098E+00  0.47208460E+01  0.10413097E+00
 0.47100001E+01 -0.36319141E+01  0.10111409E+00  0.47296392E+01  0.10111408E+00
 0.47200001E+01 -0.36407073E+01  0.10093874E+00  0.47384324E+01  0.10093874E+00
 0.47300001E+01 -0.36495005E+01  0.10360494E+00  0.47472256E+01  0.10360494E+00
 0.47400001E+01 -0.36582937E+01  0.10529114E+00  0.47560188E+01  0.10529114E+00
 0.47500001E+01 -0.36670869E+01  0.10599734E+00  0.47648120E+01  0.10599734E+00
 0.47600001E+01 -0.36758801E+01  0.10572354E+00  0.47736052E+01  0.10572354E+00
 0.47700001E+01 -0.36846733E+01  0.10446974E+00  0.47823983E+01  0.10446974E+00
 0.47800001E+01 -0.36934665E+01  0.10223594E+00  0.47911915E+01  0.10223594E+00
 0.47900001E+01 -0.37022597E+01  0.99022145E-01  0.47999847E+01  0.99022141E-01
 0.48000001E+01 -0.37110528E+01  0.98836955E-01  0.48087779E+01  0.98836950E-01
 0.48100001E+01 -0.37198460E+01  0.10168037E+00  0.48175711E+01  0.10168037E+00
 0.48200001E+01 -0.37286392E+01  0.10354379E+00  0.48263643E+01  0.10354379E+00
 0.48300001E+01 -0.37374324E+01  0.10442721E+00  0.48351575E+01  0.10442721E+00
 0.48400001E+01 -0.37462256E+01  0.10433063E+00  0.48439507E+01  0.10433062E+00
 0.48500001E+01 -0.37550188E+01  0.10325405E+00  0.48527439E+01  0.10325404E+00
 0.48600001E+01 -0.37638120E+01  0.10119747E+00  0.48615371E+01  0.10119746E+00
 0.48700001E+01 -0.37726052E+01  0.10107014E+00  0.48703303E+01  0.10107013E+00
 0.48800001E+01 -0.37813984E+01  0.10287206E+00  0.48791235E+01  0.10287205E+00
 0.48900001E+01 -0.37901916E+01  0.10369398E+00  0.48879167E+01  0.10369398E+00
 0.49000001E+01 -0.37989848E+01  0.10353590E+00  0.48967099E+01  0.10353590E+00
 0.49100001E+01 -0.38077780E+01  0.10239783E+00  0.49055030E+01  0.10239782E+00
 0.49200001E+01 -0.38165712E+01  0.10027975E+00  0.49142962E+01  0.10027974E+00
 0.49300001E+01 -0.38253643E+01  0.10014934E+00  0.49230894E+01  0.10014934E+00
 0.49400001E+01 -0.38341575E+01  0.10200661E+00  0.49318826E+01  0.10200661E+00
 0.49500001E+01 -0.38429507E+01  0.10288388E+00  0.49406758E+01  0.10288388E+00
 0.49600001E+01 -0.38517439E+01  0.10278115E+00  0.49494690E+01  0.10278115E+00
 0.49700001E+01 -0.38605371E+01  0.10169842E+00  0.49582622E+01  0.10169842E+00
 0.49800001E+01 -0.38693303E+01  0.99635688E-01  0.49670554E+01  0.99635684E-01
 0.49900001E+01 -0.38781235E+01  0.99508051E-01  0.49758486E+01  0.99508047E-01
 0.50000001E+01 -0.38869167E+01  0.10131551E+00  0.49846418E+01  0.10131550E+00
 0.50100001E+01 -0.38957099E+01  0.10214297E+00  0.49934350E+01  0.10214296E+00
 0.50200001E+01 -0.39045031E+01  0.10199042E+00  0.50022282E+01  0.10199042E+00
 0.50300001E+01 -0.39132963E+01  0.10085788E+00  0.50110214E+01  0.10085788E+00
 0.50400002E+01 -0.39220895E+01  0.98745337E-01  0.50198146E+01  0.98745332E-01
 0.50500002E+01 -0.39308827E+01  0.98615209E-01  0.50286077E+01  0.98615205E-01
 0.50600002E+01 -0.39396759E+01  0.10046750E+00  0.50374009E+01  0.10046749E+00
 0.50700002E+01 -0.39484690E+01  0.10133978E+00  0.50461941E+01  0.10133978E+00
 0.50800002E+01 -0.39572622E+01  0.10123207E+00  0.50549873E+01  0.10123207E+00
 0.50900002E+01 -0.39660554E+01  0.10014436E+00  0.50637805E+01  0.10014436E+00
 0.51000002E+01 -0.39748486E+01  0.10006547E+00  0.50725737E+01  0.10006547E+00
 0.51100002E+01 -0.39836418E+01  0.10099541E+00  0.50813669E+01  0.10099541E+00
 0.51200002E+01 -0.39924350E+01  0.10094535E+00  0.50901601E+01  0.10094535E+00
 0.51300002E+01 -0.40012282E+01  0.99915294E-01  0.50989533E+01  0.99915290E-01
 0.51400002E+01 -0.40100214E+01  0.99839291E-01  0.51077465E+01  0.99839286E-01
 0.51500002E+01 -0.40188146E+01  0.10071734E+00  0.51165397E+01  0.10071734E+00
 0.51600002E+01 -0.40276078E+01  0.10061540E+00  0.51253329E+01  0.10061539E+00
 0.51700002E+01 -0.40364010E+01  0.99533449E-01  0.51341261E+01  0.99533445E-01
 0.51800002E+01 -0.40451942E+01  0.99454852E-01  0.51429193E+01  0.99454847E-01
 0.51900002E+01 -0.40539874E+01  0.10037960E+00  0.51517125E+01  0.10037960E+00
 0.52000002E+01 -0.40627806E+01  0.10032435E+00  0.51605057E+01  0.10032435E+00
 0.52100002E+01 -0.40715738E+01  0.99289106E-01  0.51692989E+01  0.99289101E-01
 0.52200002E+01 -0.40803669E+01  0.99212843E-01  0.51780920E+01  0.99212838E-01
 0.52300002E+01 -0.40891601E+01  0.10009557E+00  0.51868852E+01  0.10009556E+00
 0.52400002E+01 -0.40979533E+01  0.99998288E-01  0.51956784E+01  0.99998284E-01
 0.52500002E+01 -0.41067465E+01  0.99968924E-01  0.52044716E+01  0.99968920E-01
 0.52600002E+01 -0.41155397E+01  0.10000747E+00  0.52132648E+01  0.10000747E+00
 0.52700002E+01 -0.41243329E+01  0.99984900E-01  0.52220580E+01  0.99984895E-01
 0.52800002E+01 -0.41331261E+01  0.99901205E-01  0.52308512E+01  0.99901200E-01
 0.52900002E+01 -0.41419193E+01  0.99872520E-01  0.52396444E+01  0.99872515E-01
 0.53000002E+01 -0.41507125E+01  0.99898844E-01  0.52484376E+01  0.99898839E-01
 0.53100002E+01 -0.41595057E+01  0.99875660E-01  0.52572308E+01  0.99875655E-01
 0.53200002E+01 -0.41682989E+01  0.99802967E-01  0.52660240E+01  0.99802962E-01
 0.53300002E+01 -0.41770921E+01  0.99774832E-01  0.52748172E+01  0.99774827E-01
 0.53400002E+01 -0.41858853E+01  0.99791254E-01  0.52836104E+01  0.99791250E-01
 0.53500002E+01 -0.41946785E+01  0.99767575E-01  0.52924036E+01  0.99767570E-01
 0.53600002E+01 -0.42034717E+01  0.99788886E-01  0.53011968E+01  0.99788881E-01
 0.53700002E+01 -0.42122649E+01  0.99769705E-01  0.53099900E+01  0.99769701E-01
 0.53800002E+01 -0.42210581E+01  0.99786967E-01  0.53187832E+01  0.99786962E-01
 0.53900002E+01 -0.42298513E+01  0.99771430E-01  0.53275764E+01  0.99771426E-01
 0.54000002E+01 -0.42386444E+01  0.99785412E-01  0.53363696E+01  0.99785407E-01
 0.54100002E+01 -0.42474376E+01  0.99772828E-01  0.53451627E+01  0.99772823E-01
 0.54200002E+01 -0.42562308E+01  0.99784153E-01  0.53539559E+01  0.99784148E-01
 0.54300002E+01 -0.42650240E+01  0.99773959E-01  0.53627491E+01  0.99773954E-01
 0.54400002E+01 -0.42738172E+01  0.99783132E-01  0.53715423E+01  0.99783128E-01
 0.54500002E+01 -0.42826104E+01  0.99774875E-01  0.53803355E+01  0.99774871E-01
 0.54600002E+01 -0.42914036E+01  0.99782306E-01  0.53891287E+01  0.99782301E-01
 0.54700002E+01 -0.43001968E+01  0.99775617E-01  0.53979219E+01  0.99775613E-01
 0.54800002E+01 -0.43089900E+01  0.99781636E-01  0.54067151E+01  0.99781631E-01
 0.54900002E+01 -0.43177832E+01  0.99776218E-01  0.54155083E+01  0.99776214E-01
 0.55000002E+01 -0.43265764E+01  0.99781093E-01  0.54243015E+01  0.99781088E-01
 0.55100002E+01 -0.43353696E+01  0.99776705E-01  0.54330947E+01  0.99776700E-01
 0.55200002E+01 -0.43441628E+01  0.99780653E-01  0.54418879E+01  0.99780649E-01
 0.55300002E+01 -0.43529560E+01  0.99777099E-01  0.54506811E+01  0.99777094E-01
 0.55400002E+01 -0.43617492E+01  0.99780297E-01  0.54594743E+01  0.99780292E-01
 0.55500002E+01 -0.43705424E+01  0.99777418E-01  0.54682675E+01  0.99777413E-01
 0.55600002E+01 -0.43793356E+01  0.99780008E-01  0.54770607E+01  0.99780003E-01
 0.55700002E+01 -0.43881288E+01  0.99777676E-01  0.54858539E+01  0.99777671E-01
 0.55800002E+01 -0.43969220E+01  0.99779774E-01  0.54946471E+01  0.99779769E-01
 0.55900002E+01 -0.44057152E+01  0.99777884E-01  0.55034403E+01  0.99777880E-01
 0.56000002E+01 -0.44145083E+01  0.99779584E-01  0.55122335E+01  0.99779579E-01
 0.56100002E+01 -0.44233015E+01  0.99778053E-01  0.55210267E+01  0.99778049E-01
 0.56200002E+01 -0.44320947E+01  0.99779430E-01  0.55298199E+01  0.99779425E-01
 0.56300002E+01 -0.44408879E+01  0.99778190E-01  0.55386131E+01  0.99778185E-01
 0.56400002E+01 -0.44496811E+01  0.99779305E-01  0.55474062E+01  0.99779300E-01
 0.56500002E+01 -0.44584743E+01  0.99778301E-01  0.55561994E+01  0.99778296E-01
 0.56600002E+01 -0.44672675E+01  0.99779203E-01  0.55649926E+01  0.99779199E-01
 0.56700002E+01 -0.44760607E+01  0.99778390E-01  0.55737858E+01  0.99778385E-01
 0.56800002E+01 -0.44848539E+01  0.99779121E-01  0.55825790E+01  0.99779116E-01
 0.56900002E+01 -0.44936471E+01  0.99778462E-01  0.55913722E+01  0.99778457E-01
 0.57000002E+01 -0.45024403E+01  0.99779054E-01  0.56001654E+01  0.99779049E-01
 0.57100002E+01 -0.45112335E+01  0.99778520E-01  0.56089586E+01  0.99778515E-01
 0.57200002E+01 -0.45200267E+01  0.99779000E-01  0.56177518E+01  0.99778995E-01
 0.57300002E+01 -0.45288199E+01  0.99778567E-01  0.56265450E+01  0.99778562E-01
 0.57400002E+01 -0.45376131E+01  0.99778955E-01  0.56353382E+01  0.99778950E-01
 0.57500002E+01 -0.45464063E+01  0.99778605E-01  0.56441314E+01  0.99778600E-01
 0.57600002E+01 -0.45551995E+01  0.99778919E-01  0.56529246E+01  0.99778914E-01
 0.57700002E+01 -0.45639927E+01  0.99778635E-01  0.56617178E+01  0.99778630E-01
 0.57800002E+01 -0.45727859E+01  0.99778890E-01  0.56705110E+01  0.99778885E-01
 0.57900002E+01 -0.45815791E+01  0.99778660E-01  0.56793042E+01  0.99778655E-01
 0.58000002E+01 -0.45903723E+01  0.99778866E-01  0.56880974E+01  0.99778861E-01
 0.58100002E+01 -0.45991655E+01  0.99778679E-01  0.56968906E+01  0.99778674E-01
 0.58200002E+01 -0.46079587E+01  0.99778846E-01  0.57056838E+01  0.99778841E-01
 0.58300002E+01 -0.46167519E+01  0.99778695E-01  0.57144770E+01  0.99778690E-01
 0.58400002E+01 -0.46255451E+01  0.99778830E-01  0.57232702E+01  0.99778825E-01
 0.58500002E+01 -0.46343383E+01  0.99778707E-01  0.57320634E+01  0.99778702E-01
 0.58600002E+01 -0.46431314E+01  0.99778817E-01  0.57408566E+01  0.99778812E-01
 0.58700002E+01 -0.46519246E+01  0.99778717E-01  0.57496498E+01  0.99778712E-01
 0.58800002E+01 -0.46607178E+01  0.99778806E-01  0.57584430E+01  0.99778801E-01
 0.58900002E+01 -0.46695110E+01  0.99778725E-01  0.57672362E+01  0.99778720E-01
 0.59000002E+01 -0.46783042E+01  0.99778797E-01  0.57760294E+01  0.99778792E-01
 0.59100002E+01 -0.46870974E+01  0.99778731E-01  0.57848226E+01  0.99778726E-01
 0.59200002E+01 -0.46958906E+01  0.99778789E-01  0.57936158E+01  0.99778784E-01
 0.59300002E+01 -0.47046838E+01  0.99778736E-01  0.58024090E+01  0.99778731E-01
 0.59400002E+01 -0.47134770E+01  0.99778783E-01  0.58112022E+01  0.99778778E-01
 0.59500002E+01 -0.47222702E+01  0.99778740E-01  0.58199954E+01  0.99778734E-01
 0.59600002E+01 -0.47310634E+01  0.99778777E-01  0.58287886E+01  0.99778772E-01
 0.59700002E+01 -0.47398566E+01  0.99778742E-01  0.58375818E+01  0.99778737E-01
 0.59800002E+01 -0.47486498E+01  0.99778773E-01  0.58463750E+01  0.99778768E-01
 0.59900002E+01 -0.47574430E+01  0.99778744E-01  0.58551681E+01  0.99778739E-01
 0.60000002E+01 -0.47662362E+01  0.99778769E-01  0.58639613E+01  0.99778764E-01
 0.60100002E+01 -0.47750294E+01  0.99778746E-01  0.58727545E+01  0.99778741E-01
 0.60200002E+01 -0.47838226E+01  0.99778765E-01  0.58815477E+01  0.99778760E-01
 0.60300002E+01 -0.47926158E+01  0.99778747E-01  0.58903409E+01  0.99778741E-01
 0.60400002E+01 -0.48014090E+01  0.99778763E-01  0.58991341E+01  0.99778757E-01
 0.60500002E+01 -0.48102022E+01  0.99778747E-01  0.59079273E+01  0.99778742E-01
 0.60600002E+01 -0.48189954E+01  0.99778760E-01  0.59167205E+01  0.99778755E-01
 0.60700002E+01 -0.48277886E+01  0.99778747E-01  0.59255137E+01  0.99778742E-01
 0.60800002E+01 -0.48365818E+01  0.99778758E-01  0.59343069E+01  0.99778752E-01
 0.60900002E+01 -0.48453750E+01  0.99778747E-01  0.59431001E+01  0.99778742E-01
 0.61000002E+01 -0.48541682E+01  0.99778755E-01  0.59518933E+01  0.99778750E-01
 0.61100002E+01 -0.48629614E+01  0.99778747E-01  0.59606865E+01  0.99778742E-01
 0.61200002E+01 -0.48717546E+01  0.99778754E-01  0.59694797E+01  0.99778748E-01
 0.61300002E+01 -0.48805478E+01  0.99778747E-01  0.59782729E+01  0.99778741E-01
 0.61400002E+01 -0.48893410E+01  0.99778752E-01  0.59870661E+01  0.99778746E-01
 0.61500002E+01 -0.48981342E+01  0.99778746E-01  0.59958593E+01  0.99778741E-01
 0.61600002E+01 -0.49069274E+01  0.99778750E-01  0.60046525E+01  0.99778745E-01
 0.61700002E+01 -0.49157206E+01  0.99778745E-01  0.60134457E+01  0.99778740E-01
 0.61800002E+01 -0.49245138E+01  0.99778749E-01  0.60222389E+01  0.99778743E-01
 0.61900002E+01 -0.49333070E+01  0.99778745E-01  0.60310321E+01  0.99778739E-01
 0.62000002E+01 -0.49421002E+01  0.99778747E-01  0.60398253E+01  0.99778742E-01
 0.62100002E+01 -0.49508934E+01  0.99778744E-01  0.60486185E+01  0.99778738E-01
 0.62200002E+01 -0.49596866E+01  0.99778746E-01  0.60574117E+01  0.99778740E-01
 0.62300002E+01 -0.49684798E+01  0.99778743E-01  0.60662049E+01  0.99778737E-01
 0.62400002E+01 -0.49772730E+01  0.99778744E-01  0.60749981E+01  0.99778739E-01
 0.62500002E+01 -0.49860662E+01  0.99778742E-01  0.60837913E+01  0.99778736E-01
 0.62600002E+01 -0.49948594E+01  0.99778743E-01  0.60925845E+01  0.99778738E-01
 0.62700002E+01 -0.50036526E+01  0.99778741E-01  0.61013777E+01  0.99778735E-01
 0.62800002E+01 -0.50124458E+01  0.99778742E-01  0.61101709E+01  0.99778736E-01
 0.62900002E+01 -0.50212390E+01  0.99778740E-01  0.61189641E+01  0.99778734E-01
 0.63000002E+01 -0.50300322E+01  0.99778740E-01  0.61277573E+01  0.99778735E-01
 0.63100002E+01 -0.50388254E+01  0.99778739E-01  0.61365505E+01  0.99778733E-01
 0.63200002E+01 -0.50476186E+01  0.99778739E-01  0.61453437E+01  0.99778734E-01
 0.63300002E+01 -0.50564118E+01  0.99778738E-01  0.61541369E+01  0.99778732E-01
 0.63400002E+01 -0.50652050E+01  0.99778738E-01  0.61629301E+01  0.99778732E-01
 0.63500002E+01 -0.50739982E+01  0.99778737E-01  0.61717233E+01  0.99778731E-01
 0.63600002E+01 -0.50827914E+01  0.99778737E-01  0.61805165E+01  0.99778731E-01
 0.63700002E+01 -0.50915846E+01  0.99778735E-01  0.61893097E+01  0.99778730E-01
 0.63800002E+01 -0.51003778E+01  0.99778735E-01  0.61981029E+01  0.99778730E-01
 0.63900002E+01 -0.51091710E+01  0.99778734E-01  0.62068961E+01  0.99778729E-01
 0.64000002E+01 -0.51179642E+01  0.99778734E-01  0.62156893E+01  0.99778729E-01
 0.64100002E+01 -0.51267574E+01  0.99778733E-01  0.62244825E+01  0.99778728E-01
 0.64200002E+01 -0.51355506E+01  0.99778733E-01  0.62332757E+01  0.99778727E-01
 0.64300002E+01 -0.51443438E+01  0.99778732E-01  0.62420689E+01  0.99778726E-01
 0.64400002E+01 -0.51531370E+01  0.99778732E-01  0.62508621E+01  0.99778726E-01
 0.64500002E+01 -0.51619302E+01  0.99778731E-01  0.62596553E+01  0.99778725E-01
 0.64600002E+01 -0.51707234E+01  0.99778730E-01  0.62684485E+01  0.99778725E-01
 0.64700002E+01 -0.51795166E+01  0.99778730E-01  0.62772417E+01  0.99778724E-01
 0.64800002E+01 -0.51883098E+01  0.99778729E-01  0.62860349E+01  0.99778724E-01
 0.64900002E+01 -0.51971030E+01  0.99778728E-01  0.62948281E+01  0.99778723E-01
 0.65000002E+01 -0.52058962E+01  0.99778728E-01  0.63036213E+01  0.99778722E-01
 0.65100002E+01 -0.52146894E+01  0.99778727E-01  0.63124145E+01  0.99778722E-01
 0.65200002E+01 -0.52234826E+01  0.99778727E-01  0.63212077E+01  0.99778721E-01
 0.65300002E+01 -0.52322758E+01  0.99778726E-01  0.63300009E+01  0.99778720E-01
 0.65400002E+01 -0.52410690E+01  0.99778725E-01  0.63387941E+01  0.99778720E-01
 0.65500002E+01 -0.52498622E+01  0.99778725E-01  0.63475873E+01  0.99778719E-01
 0.65600002E+01 -0.52586554E+01  0.99778724E-01  0.63563805E+01  0.99778719E-01
 0.65700002E+01 -0.52674486E+01  0.99778724E-01  0.63651737E+01  0.99778718E-01
 0.65800002E+01 -0.52762418E+01  0.99778723E-01  0.63739669E+01  0.99778717E-01
 0.65900002E+01 -0.52850350E+01  0.99778722E-01  0.63827601E+01  0.99778717E-01
 0.66000002E+01 -0.52938282E+01  0.99778722E-01  0.63915533E+01  0.99778716E-01
 0.66100002E+01 -0.53026214E+01  0.99778721E-01  0.64003465E+01  0.99778715E-01
 0.66200002E+01 -0.53114146E+01  0.99778721E-01  0.64091397E+01  0.99778715E-01
 0.66300002E+01 -0.53202078E+01  0.99778720E-01  0.64179329E+01  0.99778714E-01
 0.66400002E+01 -0.53290010E+01  0.99778719E-01  0.64267261E+01  0.99778714E-01
 0.66500002E+01 -0.53377942E+01  0.99778719E-01  0.64355193E+01  0.99778713E-01
 0.66600002E+01 -0.53465874E+01  0.99778718E-01  0.64443125E+01  0.99778712E-01
 0.66700002E+01 -0.53553806E+01  0.99778717E-01  0.64531057E+01  0.99778712E-01
 0.66800002E+01 -0.53641738E+01  0.99778717E-01  0.64618989E+01  0.99778711E-01
 0.66900002E+01 -0.53729670E+01  0.99778716E-01  0.64706921E+01  0.99778710E-01
 0.67000002E+01 -0.53817602E+01  0.99778716E-01  0.64794854E+01  0.99778710E-01
 0.67100002E+01 -0.53905534E+01  0.99778715E-01  0.64882786E+01  0.99778709E-01
 0.67200002E+01 -0.53993466E+01  0.99778714E-01  0.64970718E+01  0.99778709E-01
 0.67300002E+01 -0.54081398E+01  0.99778714E-01  0.65058650E+01  0.99778708E-01
 0.67400002E+01 -0.54169330E+01  0.99778713E-01  0.65146582E+01  0.99778707E-01
 0.67500002E+01 -0.54257262E+01  0.99778712E-01  0.65234514E+01  0.99778707E-01
 0.67600002E+01 -0.54345194E+01  0.99778712E-01  0.65322446E+01  0.99778706E-01
 0.67700002E+01 -0.54433126E+01  0.99778711E-01  0.65410378E+01  0.99778705E-01
 0.67800002E+01 -0.54521058E+01  0.99778711E-01  0.65498310E+01  0.99778705E-01
 0.67900002E+01 -0.54608990E+01  0.99778710E-01  0.65586242E+01  0.99778704E-01
 0.68000002E+01 -0.54696922E+01  0.99778709E-01  0.65674174E+01  0.99778703E-01
 0.68100002E+01 -0.54784854E+01  0.99778709E-01  0.65762106E+01  0.99778703E-01
 0.68200002E+01 -0.54872786E+01  0.99778708E-01  0.65850038E+01  0.99778702E-01
 0.68300002E+01 -0.54960718E+01  0.99778707E-01  0.65937970E+01  0.99778701E-01
 0.68400002E+01 -0.55048650E+01  0.99778707E-01  0.66025902E+01  0.99778701E-01
 0.68500002E+01 -0.55136582E+01  0.99778706E-01  0.66113834E+01  0.99778700E-01
 0.68600002E+01 -0.55224514E+01  0.99778705E-01  0.66201766E+01  0.99778700E-01
 0.68700002E+01 -0.55312446E+01  0.99778705E-01  0.66289698E+01  0.99778699E-01
 0.68800002E+01 -0.55400378E+01  0.99778704E-01  0.66377630E+01  0.99778698E-01
 0.68900002E+01 -0.55488310E+01  0.99778704E-01  0.66465562E+01  0.99778698E-01
 0.69000002E+01 -0.55576242E+01  0.99778703E-01  0.66553494E+01  0.99778697E-01
 0.69100002E+01 -0.55664174E+01  0.99778702E-01  0.66641426E+01  0.99778696E-01
 0.69200002E+01 -0.55752106E+01  0.99778702E-01  0.66729358E+01  0.99778696E-01
 0.69300002E+01 -0.55840038E+01  0.99778701E-01  0.66817290E+01  0.99778695E-01
 0.69400002E+01 -0.55927970E+01  0.99778700E-01  0.66905222E+01  0.99778694E-01
 0.69500002E+01 -0.56015902E+01  0.99778700E-01  0.66993154E+01  0.99778694E-01
 0.69600002E+01 -0.56103834E+01  0.99778699E-01  0.67081086E+01  0.99778693E-01
 0.69700002E+01 -0.56191766E+01  0.99778698E-01  0.67169018E+01  0.99778692E-01
 0.69800002E+01 -0.56279698E+01  0.99778698E-01  0.67256950E+01  0.99778692E-01
 0.69900002E+01 -0.56367630E+01  0.99778697E-01  0.67344882E+01  0.99778691E-01
 0.70000002E+01 -0.56455562E+01  0.99778696E-01  0.67432814E+01  0.99778690E-01
 0.70100002E+01 -0.56543494E+01  0.99778696E-01  0.67520746E+01  0.99778690E-01
 0.70200002E+01 -0.56631426E+01  0.99778695E-01  0.67608678E+01  0.99778689E-01
 0.70300002E+01 -0.56719358E+01  0.99778694E-01  0.67696611E+01  0.99778688E-01
 0.70400002E+01 -0.56807291E+01  0.99778694E-01  0.67784543E+01  0.99778688E-01
 0.70500002E+01 -0.56895223E+01  0.99778693E-01  0.67872475E+01  0.99778687E-01
 0.70600002E+01 -0.56983155E+01  0.99778692E-01  0.67960407E+01  0.99778686E-01
 0.70700002E+01 -0.57071087E+01  0.99778692E-01  0.68048339E+01  0.99778686E-01
 0.70800002E+01 -0.57159019E+01  0.99778691E-01  0.68136271E+01  0.99778685E-01
 0.70900002E+01 -0.57246951E+01  0.99778690E-01  0.68224203E+01  0.99778684E-01
 0.71000002E+01 -0.57334883E+01  0.99778690E-01  0.68312135E+01  0.99778684E-01
 0.71100002E+01 -0.57422815E+01  0.99778689E-01  0.68400067E+01  0.99778683E-01
 0.71200002E+01 -0.57510747E+01  0.99778689E-01  0.68487999E+01  0.99778682E-01
 0.71300002E+01 -0.57598679E+01  0.99778688E-01  0.68575931E+01  0.99778682E-01
 0.71400002E+01 -0.57686611E+01  0.99778687E-01  0.68663863E+01  0.99778681E-01
 0.71500002E+01 -0.57774543E+01  0.99778687E-01  0.68751795E+01  0.99778680E-01
 0.71600002E+01 -0.57862475E+01  0.99778686E-01  0.68839727E+01  0.99778680E-01
 0.71700002E+01 -0.57950407E+01  0.99778685E-01  0.68927659E+01  0.99778679E-01
 0.71800002E+01 -0.58038339E+01  0.99778685E-01  0.69015591E+01  0.99778678E-01
 0.71900002E+01 -0.58126271E+01  0.99778684E-01  0.69103523E+01  0.99778678E-01
 0.72000002E+01 -0.58214203E+01  0.99778683E-01  0.69191455E+01  0.99778677E-01
 0.72100002E+01 -0.58302135E+01  0.99778682E-01  0.69279387E+01  0.99778676E-01
 0.72200002E+01 -0.58390067E+01  0.99778682E-01  0.69367319E+01  0.99778676E-01
 0.72300002E+01 -0.58477999E+01  0.99778681E-01  0.69455251E+01  0.99778675E-01
 0.72400002E+01 -0.58565931E+01  0.99778680E-01  0.69543183E+01  0.99778674E-01
 0.72500002E+01 -0.58653863E+01  0.99778680E-01  0.69631116E+01  0.99778674E-01
 0.72600002E+01 -0.58741795E+01  0.99778679E-01  0.69719048E+01  0.99778673E-01
 0.72700002E+01 -0.58829727E+01  0.99778678E-01  0.69806980E+01  0.99778672E-01
 0.72800002E+01 -0.58917660E+01  0.99778678E-01  0.69894912E+01  0.99778672E-01
 0.72900002E+01 -0.59005592E+01  0.99778677E-01  0.69982844E+01  0.99778671E-01
 0.73000002E+01 -0.59093524E+01  0.99778676E-01  0.70070776E+01  0.99778670E-01
 0.73100002E+01 -0.59181456E+01  0.99778676E-01  0.70158708E+01  0.99778669E-01
 0.73200002E+01 -0.59269388E+01  0.99778675E-01  0.70246640E+01  0.99778669E-01
 0.73300002E+01 -0.59357320E+01  0.99778674E-01  0.70334572E+01  0.99778668E-01
 0.73400002E+01 -0.59445252E+01  0.99778674E-01  0.70422504E+01  0.99778667E-01
 0.73500002E+01 -0.59533184E+01  0.99778673E-01  0.70510436E+01  0.99778667E-01
 0.73600002E+01 -0.59621116E+01  0.99778672E-01  0.70598368E+01  0.99778666E-01
 0.73700002E+01 -0.59709048E+01  0.99778672E-01  0.70686300E+01  0.99778665E-01
 0.73800002E+01 -0.59796980E+01  0.99778671E-01  0.70774232E+01  0.99778665E-01
 0.73900002E+01 -0.59884912E+01  0.99778670E-01  0.70862164E+01  0.99778664E-01
 0.74000002E+01 -0.59972844E+01  0.99778670E-01  0.70950096E+01  0.99778663E-01
 0.74100002E+01 -0.60060776E+01  0.99778669E-01  0.71038028E+01  0.99778662E-01
 0.74200002E+01 -0.60148708E+01  0.99778668E-01  0.71125961E+01  0.99778662E-01
 0.74300002E+01 -0.60236640E+01  0.99778667E-01  0.71213893E+01  0.99778661E-01
 0.74400002E+01 -0.60324572E+01  0.99778667E-01  0.71301825E+01  0.99778660E-01
 0.74500002E+01 -0.60412504E+01  0.99778666E-01  0.71389757E+01  0.99778660E-01
 0.74600002E+01 -0.60500436E+01  0.99778665E-01  0.71477689E+01  0.99778659E-01
 0.74700002E+01 -0.60588369E+01  0.99778665E-01  0.71565621E+01  0.99778658E-01
 0.74800002E+01 -0.60676301E+01  0.99778664E-01  0.71653553E+01  0.99778658E-01
 0.74900002E+01 -0.60764233E+01  0.99778663E-01  0.71741485E+01  0.99778657E-01
 0.75000002E+01 -0.60852165E+01  0.99778663E-01  0.71829417E+01  0.99778656E-01
 0.75100002E+01 -0.60940097E+01  0.99778662E-01  0.71917349E+01  0.99778655E-01
 0.75200002E+01 -0.61028029E+01  0.99778661E-01  0.72005281E+01  0.99778655E-01
 0.75300002E+01 -0.61115961E+01  0.99778661E-01  0.72093213E+01  0.99778654E-01
 0.75400002E+01 -0.61203893E+01  0.99778660E-01  0.72181145E+01  0.99778653E-01
 0.75500002E+01 -0.61291825E+01  0.99778659E-01  0.72269077E+01  0.99778653E-01
 0.75600002E+01 -0.61379757E+01  0.99778658E-01  0.72357010E+01  0.99778652E-01
 0.75700002E+01 -0.61467689E+01  0.99778658E-01  0.72444942E+01  0.99778651E-01
 0.75800002E+01 -0.61555621E+01  0.99778657E-01  0.72532874E+01  0.99778650E-01
 0.75900002E+01 -0.61643553E+01  0.99778656E-01  0.72620806E+01  0.99778650E-01
 0.76000002E+01 -0.61731485E+01  0.99778656E-01  0.72708738E+01  0.99778649E-01
 0.76100002E+01 -0.61819417E+01  0.99778655E-01  0.72796670E+01  0.99778648E-01
 0.76200002E+01 -0.61907350E+01  0.99778654E-01  0.72884602E+01  0.99778648E-01
 0.76300002E+01 -0.61995282E+01  0.99778653E-01  0.72972534E+01  0.99778647E-01
 0.76400002E+01 -0.62083214E+01  0.99778653E-01  0.73060466E+01  0.99778646E-01
 0.76500002E+01 -0.62171146E+01  0.99778652E-01  0.73148398E+01  0.99778645E-01
 0.76600002E+01 -0.62259078E+01  0.99778651E-01  0.73236330E+01  0.99778645E-01
 0.76700002E+01 -0.62347010E+01  0.99778651E-01  0.73324262E+01  0.99778644E-01
 0.76800002E+01 -0.62434942E+01  0.99778650E-01  0.73412194E+01  0.99778643E-01
 0.76900002E+01 -0.62522874E+01  0.99778649E-01  0.73500127E+01  0.99778643E-01
 0.77000002E+01 -0.62610806E+01  0.99778648E-01  0.73588059E+01  0.99778642E-01
 0.77100002E+01 -0.62698738E+01  0.99778648E-01  0.73675991E+01  0.99778641E-01
 0.77200002E+01 -0.62786670E+01  0.99778647E-01  0.73763923E+01  0.99778640E-01
 0.77300002E+01 -0.62874602E+01  0.99778646E-01  0.73851855E+01  0.99778640E-01
 0.77400002E+01 -0.62962534E+01  0.99778646E-01  0.73939787E+01  0.99778639E-01
 0.77500002E+01 -0.63050467E+01  0.99778645E-01  0.74027719E+01  0.99778638E-01
 0.77600002E+01 -0.63138399E+01  0.99778644E-01  0.74115651E+01  0.99778637E-01
 0.77700002E+01 -0.63226331E+01  0.99778643E-01  0.74203583E+01  0.99778637E-01
 0.77800002E+01 -0.63314263E+01  0.99778643E-01  0.74291515E+01  0.99778636E-01
 0.77900002E+01 -0.63402195E+01  0.99778642E-01  0.74379447E+01  0.99778635E-01
 0.78000002E+01 -0.63490127E+01  0.99778641E-01  0.74467379E+01  0.99778635E-01
 0.78100002E+01 -0.63578059E+01  0.99778640E-01  0.74555312E+01  0.99778634E-01
 0.78200002E+01 -0.63665991E+01  0.99778640E-01  0.74643244E+01  0.99778633E-01
 0.78300002E+01 -0.63753923E+01  0.99778639E-01  0.74731176E+01  0.99778632E-01
 0.78400002E+01 -0.63841855E+01  0.99778638E-01  0.74819108E+01  0.99778632E-01
 0.78500002E+01 -0.63929787E+01  0.99778638E-01  0.74907040E+01  0.99778631E-01
 0.78600002E+01 -0.64017719E+01  0.99778637E-01  0.74994972E+01  0.99778630E-01
 0.78700002E+01 -0.64105652E+01  0.99778636E-01  0.75082904E+01  0.99778629E-01
 0.78800002E+01 -0.64193584E+01  0.99778635E-01  0.75170836E+01  0.99778629E-01
 0.78900002E+01 -0.64281516E+01  0.99778635E-01  0.75258768E+01  0.99778628E-01
 0.79000002E+01 -0.64369448E+01  0.99778634E-01  0.75346700E+01  0.99778627E-01
 0.79100002E+01 -0.64457380E+01  0.99778633E-01  0.75434633E+01  0.99778626E-01
 0.79200002E+01 -0.64545312E+01  0.99778632E-01  0.75522565E+01  0.99778626E-01
 0.79300002E+01 -0.64633244E+01  0.99778632E-01  0.75610497E+01  0.99778625E-01
 0.79400002E+01 -0.64721176E+01  0.99778631E-01  0.75698429E+01  0.99778624E-01
 0.79500002E+01 -0.64809108E+01  0.99778630E-01  0.75786361E+01  0.99778623E-01
 0.79600002E+01 -0.64897040E+01  0.99778629E-01  0.75874293E+01  0.99778623E-01
 0.79700002E+01 -0.64984972E+01  0.99778629E-01  0.75962225E+01  0.99778622E-01
 0.79800002E+01 -0.65072905E+01  0.99778628E-01  0.76050157E+01  0.99778621E-01
 0.79900002E+01 -0.65160837E+01  0.99778627E-01  0.76138089E+01  0.99778620E-01
 0.80000002E+01 -0.65248769E+01  0.99778626E-01  0.76226021E+01  0.99778620E-01
 0.80100002E+01 -0.65336701E+01  0.99778626E-01  0.76313954E+01  0.99778619E-01
 0.80200002E+01 -0.65424633E+01  0.99778625E-01  0.76401886E+01  0.99778618E-01
 0.80300002E+01 -0.65512565E+01  0.99778624E-01  0.76489818E+01  0.99778617E-01
 0.80400002E+01 -0.65600497E+01  0.99778623E-01  0.76577750E+01  0.99778617E-01
 0.80500002E+01 -0.65688429E+01  0.99778623E-01  0.76665682E+01  0.99778616E-01
 0.80600002E+01 -0.65776361E+01  0.99778622E-01  0.76753614E+01  0.99778615E-01
 0.80700002E+01 -0.65864293E+01  0.99778621E-01  0.76841546E+01  0.99778614E-01
 0.80800002E+01 -0.65952225E+01  0.99778620E-01  0.76929478E+01  0.99778614E-01
 0.80900002E+01 -0.66040158E+01  0.99778620E-01  0.77017410E+01  0.99778613E-01
 0.81000002E+01 -0.66128090E+01  0.99778619E-01  0.77105343E+01  0.99778612E-01
 0.81100002E+01 -0.66216022E+01  0.99778618E-01  0.77193275E+01  0.99778611E-01
 0.81200002E+01 -0.66303954E+01  0.99778617E-01  0.77281207E+01  0.99778610E-01
 0.81300002E+01 -0.66391886E+01  0.99778617E-01  0.77369139E+01  0.99778610E-01
 0.81400002E+01 -0.66479818E+01  0.99778616E-01  0.77457071E+01  0.99778609E-01
 0.81500002E+01 -0.66567750E+01  0.99778615E-01  0.77545003E+01  0.99778608E-01
 0.81600002E+01 -0.66655682E+01  0.99778614E-01  0.77632935E+01  0.99778607E-01
 0.81700002E+01 -0.66743614E+01  0.99778614E-01  0.77720867E+01  0.99778607E-01
 0.81800002E+01 -0.66831547E+01  0.99778613E-01  0.77808799E+01  0.99778606E-01
 0.81900002E+01 -0.66919479E+01  0.99778612E-01  0.77896732E+01  0.99778605E-01
 0.82000002E+01 -0.67007411E+01  0.99778611E-01  0.77984664E+01  0.99778604E-01
 0.82100002E+01 -0.67095343E+01  0.99778611E-01  0.78072596E+01  0.99778604E-01
 0.82200002E+01 -0.67183275E+01  0.99778610E-01  0.78160528E+01  0.99778603E-01
 0.82300002E+01 -0.67271207E+01  0.99778609E-01  0.78248460E+01  0.99778602E-01
 0.82400002E+01 -0.67359139E+01  0.99778608E-01  0.78336392E+01  0.99778601E-01
 0.82500002E+01 -0.67447071E+01  0.99778608E-01  0.78424324E+01  0.99778600E-01
 0.82600002E+01 -0.67535003E+01  0.99778607E-01  0.78512256E+01  0.99778600E-01
 0.82700002E+01 -0.67622936E+01  0.99778606E-01  0.78600188E+01  0.99778599E-01
 0.82800002E+01 -0.67710868E+01  0.99778605E-01  0.78688121E+01  0.99778598E-01
 0.82900002E+01 -0.67798800E+01  0.99778604E-01  0.78776053E+01  0.99778597E-01
 0.83000002E+01 -0.67886732E+01  0.99778604E-01  0.78863985E+01  0.99778597E-01
 0.83100002E+01 -0.67974664E+01  0.99778603E-01  0.78951917E+01  0.99778596E-01
 0.83200002E+01 -0.68062596E+01  0.99778602E-01  0.79039849E+01  0.99778595E-01
 0.83300002E+01 -0.68150528E+01  0.99778601E-01  0.79127781E+01  0.99778594E-01
 0.83400002E+01 -0.68238460E+01  0.99778601E-01  0.79215713E+01  0.99778593E-01
 0.83500002E+01 -0.68326393E+01  0.99778600E-01  0.79303645E+01  0.99778593E-01
 0.83600002E+01 -0.68414325E+01  0.99778599E-01  0.79391578E+01  0.99778592E-01
 0.83700002E+01 -0.68502257E+01  0.99778598E-01  0.79479510E+01  0.99778591E-01
 0.83800002E+01 -0.68590189E+01  0.99778597E-01  0.79567442E+01  0.99778590E-01
 0.83900003E+01 -0.68678121E+01  0.99778597E-01  0.79655374E+01  0.99778589E-01
 0.84000003E+01 -0.68766053E+01  0.99778596E-01  0.79743306E+01  0.99778589E-01
 0.84100003E+01 -0.68853985E+01  0.99778595E-01  0.79831238E+01  0.99778588E-01
 0.84200003E+01 -0.68941917E+01  0.99778594E-01  0.79919170E+01  0.99778587E-01
 0.84300003E+01 -0.69029849E+01  0.99778594E-01  0.80007103E+01  0.99778586E-01
 0.84400003E+01 -0.69117782E+01  0.99778593E-01  0.80095035E+01  0.99778586E-01
 0.84500003E+01 -0.69205714E+01  0.99778592E-01  0.80182967E+01  0.99778585E-01
 0.84600003E+01 -0.69293646E+01  0.99778591E-01  0.80270899E+01  0.99778584E-01
 0.84700003E+01 -0.69381578E+01  0.99778590E-01  0.80358831E+01  0.99778583E-01
 0.84800003E+01 -0.69469510E+01  0.99778590E-01  0.80446763E+01  0.99778582E-01
 0.84900003E+01 -0.69557442E+01  0.99778589E-01  0.80534695E+01  0.99778582E-01
 0.85000003E+01 -0.69645374E+01  0.99778588E-01  0.80622628E+01  0.99778581E-01
 0.85100003E+01 -0.69733307E+01  0.99778587E-01  0.80710560E+01  0.99778580E-01
 0.85200003E+01 -0.69821239E+01  0.99778586E-01  0.80798492E+01  0.99778579E-01
 0.85300003E+01 -0.69909171E+01  0.99778586E-01  0.80886424E+01  0.99778578E-01
 0.85400003E+01 -0.69997103E+01  0.99778585E-01  0.80974356E+01  0.99778578E-01
 0.85500003E+01 -0.70085035E+01  0.99778584E-01  0.81062288E+01  0.99778577E-01
 0.85600003E+01 -0.70172967E+01  0.99778583E-01  0.81150220E+01  0.99778576E-01
 0.85700003E+01 -0.70260899E+01  0.99778582E-01  0.81238153E+01  0.99778575E-01
 0.85800003E+01 -0.70348831E+01  0.99778582E-01  0.81326085E+01  0.99778574E-01
 0.85900003E+01 -0.70436764E+01  0.99778581E-01  0.81414017E+01  0.99778573E-01
 0.86000003E+01 -0.70524696E+01  0.99778580E-01  0.81501949E+01  0.99778573E-01
 0.86100003E+01 -0.70612628E+01  0.99778579E-01  0.81589881E+01  0.99778572E-01
 0.86200003E+01 -0.70700560E+01  0.99778578E-01  0.81677813E+01  0.99778571E-01
 0.86300003E+01 -0.70788492E+01  0.99778578E-01  0.81765745E+01  0.99778570E-01
 0.86400003E+01 -0.70876424E+01  0.99778577E-01  0.81853678E+01  0.99778569E-01
 0.86500003E+01 -0.70964356E+01  0.99778576E-01  0.81941610E+01  0.99778569E-01
 0.86600003E+01 -0.71052289E+01  0.99778575E-01  0.82029542E+01  0.99778568E-01
 0.86700003E+01 -0.71140221E+01  0.99778574E-01  0.82117474E+01  0.99778567E-01
 0.86800003E+01 -0.71228153E+01  0.99778574E-01  0.82205406E+01  0.99778566E-01
 0.86900003E+01 -0.71316085E+01  0.99778573E-01  0.82293338E+01  0.99778565E-01
 0.87000003E+01 -0.71404017E+01  0.99778572E-01  0.82381270E+01  0.99778565E-01
 0.87100003E+01 -0.71491949E+01  0.99778571E-01  0.82469203E+01  0.99778564E-01
 0.87200003E+01 -0.71579881E+01  0.99778570E-01  0.82557135E+01  0.99778563E-01
 0.87300003E+01 -0.71667814E+01  0.99778570E-01  0.82645067E+01  0.99778562E-01
 0.87400003E+01 -0.71755746E+01  0.99778569E-01  0.82732999E+01  0.99778561E-01
 0.87500003E+01 -0.71843678E+01  0.99778568E-01  0.82820931E+01  0.99778560E-01
 0.87600003E+01 -0.71931610E+01  0.99778567E-01  0.82908863E+01  0.99778560E-01
 0.87700003E+01 -0.72019542E+01  0.99778566E-01  0.82996796E+01  0.99778559E-01
 0.87800003E+01 -0.72107474E+01  0.99778565E-01  0.83084728E+01  0.99778558E-01
 0.87900003E+01 -0.72195407E+01  0.99778565E-01  0.83172660E+01  0.99778557E-01
 0.88000003E+01 -0.72283339E+01  0.99778564E-01  0.83260592E+01  0.99778556E-01
 0.88100003E+01 -0.72371271E+01  0.99778563E-01  0.83348524E+01  0.99778555E-01
 0.88200003E+01 -0.72459203E+01  0.99778562E-01  0.83436456E+01  0.99778555E-01
 0.88300003E+01 -0.72547135E+01  0.99778561E-01  0.83524389E+01  0.99778554E-01
 0.88400003E+01 -0.72635067E+01  0.99778561E-01  0.83612321E+01  0.99778553E-01
 0.88500003E+01 -0.72722999E+01  0.99778560E-01  0.83700253E+01  0.99778552E-01
 0.88600003E+01 -0.72810932E+01  0.99778559E-01  0.83788185E+01  0.99778551E-01
 0.88700003E+01 -0.72898864E+01  0.99778558E-01  0.83876117E+01  0.99778550E-01
 0.88800003E+01 -0.72986796E+01  0.99778557E-01  0.83964049E+01  0.99778550E-01
 0.88900003E+01 -0.73074728E+01  0.99778556E-01  0.84051982E+01  0.99778549E-01
 0.89000003E+01 -0.73162660E+01  0.99778556E-01  0.84139914E+01  0.99778548E-01
 0.89100003E+01 -0.73250592E+01  0.99778555E-01  0.84227846E+01  0.99778547E-01
 0.89200003E+01 -0.73338525E+01  0.99778554E-01  0.84315778E+01  0.99778546E-01
 0.89300003E+01 -0.73426457E+01  0.99778553E-01  0.84403710E+01  0.99778545E-01
 0.89400003E+01 -0.73514389E+01  0.99778552E-01  0.84491642E+01  0.99778545E-01
 0.89500003E+01 -0.73602321E+01  0.99778551E-01  0.84579575E+01  0.99778544E-01
 0.89600003E+01 -0.73690253E+01  0.99778551E-01  0.84667507E+01  0.99778543E-01
 0.89700003E+01 -0.73778185E+01  0.99778550E-01  0.84755439E+01  0.99778542E-01
 0.89800003E+01 -0.73866118E+01  0.99778549E-01  0.84843371E+01  0.99778541E-01
 0.89900003E+01 -0.73954050E+01  0.99778548E-01  0.84931303E+01  0.99778540E-01
 0.90000003E+01 -0.74041982E+01  0.99778547E-01  0.85019235E+01  0.99778540E-01
 0.90100003E+01 -0.74129914E+01  0.99778546E-01  0.85107168E+01  0.99778539E-01
 0.90200003E+01 -0.74217846E+01  0.99778546E-01  0.85195100E+01  0.99778538E-01
 0.90300003E+01 -0.74305778E+01  0.99778545E-01  0.85283032E+01  0.99778537E-01
 0.90400003E+01 -0.74393711E+01  0.99778544E-01  0.85370964E+01  0.99778536E-01
 0.90500003E+01 -0.74481643E+01  0.99778543E-01  0.85458896E+01  0.99778535E-01
 0.90600003E+01 -0.74569575E+01  0.99778542E-01  0.85546829E+01  0.99778534E-01
 0.90700003E+01 -0.74657507E+01  0.99778541E-01  0.85634761E+01  0.99778534E-01
 0.90800003E+01 -0.74745439E+01  0.99778541E-01  0.85722693E+01  0.99778533E-01
 0.90900003E+01 -0.74833371E+01  0.99778540E-01  0.85810625E+01  0.99778532E-01
 0.91000003E+01 -0.74921304E+01  0.99778539E-01  0.85898557E+01  0.99778531E-01
 0.91100003E+01 -0.75009236E+01  0.99778538E-01  0.85986489E+01  0.99778530E-01
 0.91200003E+01 -0.75097168E+01  0.99778537E-01  0.86074422E+01  0.99778529E-01
 0.91300003E+01 -0.75185100E+01  0.99778536E-01  0.86162354E+01  0.99778528E-01
 0.91400003E+01 -0.75273032E+01  0.99778535E-01  0.86250286E+01  0.99778528E-01
 0.91500003E+01 -0.75360965E+01  0.99778535E-01  0.86338218E+01  0.99778527E-01
 0.91600003E+01 -0.75448897E+01  0.99778534E-01  0.86426150E+01  0.99778526E-01
 0.91700003E+01 -0.75536829E+01  0.99778533E-01  0.86514083E+01  0.99778525E-01
 0.91800003E+01 -0.75624761E+01  0.99778532E-01  0.86602015E+01  0.99778524E-01
 0.91900003E+01 -0.75712693E+01  0.99778531E-01  0.86689947E+01  0.99778523E-01
 0.92000003E+01 -0.75800625E+01  0.99778530E-01  0.86777879E+01  0.99778522E-01
 0.92100003E+01 -0.75888558E+01  0.99778529E-01  0.86865811E+01  0.99778521E-01
 0.92200003E+01 -0.75976490E+01  0.99778529E-01  0.86953744E+01  0.99778521E-01
 0.92300003E+01 -0.76064422E+01  0.99778528E-01  0.87041676E+01  0.99778520E-01
 0.92400003E+01 -0.76152354E+01  0.99778527E-01  0.87129608E+01  0.99778519E-01
 0.92500003E+01 -0.76240286E+01  0.99778526E-01  0.87217540E+01  0.99778518E-01
 0.92600003E+01 -0.76328219E+01  0.99778525E-01  0.87305472E+01  0.99778517E-01
 0.92700003E+01 -0.76416151E+01  0.99778524E-01  0.87393405E+01  0.99778516E-01
 0.92800003E+01 -0.76504083E+01  0.99778523E-01  0.87481337E+01  0.99778515E-01
 0.92900003E+01 -0.76592015E+01  0.99778523E-01  0.87569269E+01  0.99778515E-01
 0.93000003E+01 -0.76679947E+01  0.99778522E-01  0.87657201E+01  0.99778514E-01
 0.93100003E+01 -0.76767880E+01  0.99778521E-01  0.87745133E+01  0.99778513E-01
 0.93200003E+01 -0.76855812E+01  0.99778520E-01  0.87833066E+01  0.99778512E-01
 0.93300003E+01 -0.76943744E+01  0.99778519E-01  0.87920998E+01  0.99778511E-01
 0.93400003E+01 -0.77031676E+01  0.99778518E-01  0.88008930E+01  0.99778510E-01
 0.93500003E+01 -0.77119608E+01  0.99778517E-01  0.88096862E+01  0.99778509E-01
 0.93600003E+01 -0.77207541E+01  0.99778516E-01  0.88184794E+01  0.99778508E-01
 0.93700003E+01 -0.77295473E+01  0.99778516E-01  0.88272727E+01  0.99778508E-01
 0.93800003E+01 -0.77383405E+01  0.99778515E-01  0.88360659E+01  0.99778507E-01
 0.93900003E+01 -0.77471337E+01  0.99778514E-01  0.88448591E+01  0.99778506E-01
 0.94000003E+01 -0.77559269E+01  0.99778513E-01  0.88536523E+01  0.99778505E-01
 0.94100003E+01 -0.77647202E+01  0.99778512E-01  0.88624455E+01  0.99778504E-01
 0.94200003E+01 -0.77735134E+01  0.99778511E-01  0.88712388E+01  0.99778503E-01
 0.94300003E+01 -0.77823066E+01  0.99778510E-01  0.88800320E+01  0.99778502E-01
 0.94400003E+01 -0.77910998E+01  0.99778509E-01  0.88888252E+01  0.99778501E-01
 0.94500003E+01 -0.77998930E+01  0.99778509E-01  0.88976184E+01  0.99778500E-01
 0.94600003E+01 -0.78086863E+01  0.99778508E-01  0.89064116E+01  0.99778500E-01
 0.94700003E+01 -0.78174795E+01  0.99778507E-01  0.89152049E+01  0.99778499E-01
 0.94800003E+01 -0.78262727E+01  0.99778506E-01  0.89239981E+01  0.99778498E-01
 0.94900003E+01 -0.78350659E+01  0.99778505E-01  0.89327913E+01  0.99778497E-01
 0.95000003E+01 -0.78438591E+01  0.99778504E-01  0.89415845E+01  0.99778496E-01
 0.95100003E+01 -0.78526524E+01  0.99778503E-01  0.89503778E+01  0.99778495E-01
 0.95200003E+01 -0.78614456E+01  0.99778502E-01  0.89591710E+01  0.99778494E-01
 0.95300003E+01 -0.78702388E+01  0.99778501E-01  0.89679642E+01  0.99778493E-01
 0.95400003E+01 -0.78790320E+01  0.99778501E-01  0.89767574E+01  0.99778492E-01
 0.95500003E+01 -0.78878252E+01  0.99778500E-01  0.89855506E+01  0.99778491E-01
 0.95600003E+01 -0.78966185E+01  0.99778499E-01  0.89943439E+01  0.99778491E-01
 0.95700003E+01 -0.79054117E+01  0.99778498E-01  0.90031371E+01  0.99778490E-01
 0.95800003E+01 -0.79142049E+01  0.99778497E-01  0.90119303E+01  0.99778489E-01
 0.95900003E+01 -0.79229981E+01  0.99778496E-01  0.90207235E+01  0.99778488E-01
 0.96000003E+01 -0.79317913E+01  0.99778495E-01  0.90295168E+01  0.99778487E-01
 0.96100003E+01 -0.79405846E+01  0.99778494E-01  0.90383100E+01  0.99778486E-01
 0.96200003E+01 -0.79493778E+01  0.99778493E-01  0.90471032E+01  0.99778485E-01
 0.96300003E+01 -0.79581710E+01  0.99778493E-01  0.90558964E+01  0.99778484E-01
 0.96400003E+01 -0.79669642E+01  0.99778492E-01  0.90646896E+01  0.99778483E-01
 0.96500003E+01 -0.79757575E+01  0.99778491E-01  0.90734829E+01  0.99778482E-01
 0.96600003E+01 -0.79845507E+01  0.99778490E-01  0.90822761E+01  0.99778482E-01
 0.96700003E+01 -0.79933439E+01  0.99778489E-01  0.90910693E+01  0.99778481E-01
 0.96800003E+01 -0.80021371E+01  0.99778488E-01  0.90998625E+01  0.99778480E-01
 0.96900003E+01 -0.80109303E+01  0.99778487E-01  0.91086558E+01  0.99778479E-01
 0.97000003E+01 -0.80197236E+01  0.99778486E-01  0.91174490E+01  0.99778478E-01
 0.97100003E+01 -0.80285168E+01  0.99778485E-01  0.91262422E+01  0.99778477E-01
 0.97200003E+01 -0.80373100E+01  0.99778484E-01  0.91350354E+01  0.99778476E-01
 0.97300003E+01 -0.80461032E+01  0.99778484E-01  0.91438287E+01  0.99778475E-01
 0.97400003E+01 -0.80548965E+01  0.99778483E-01  0.91526219E+01  0.99778474E-01
 0.97500003E+01 -0.80636897E+01  0.99778482E-01  0.91614151E+01  0.99778473E-01
 0.97600003E+01 -0.80724829E+01  0.99778481E-01  0.91702083E+01  0.99778472E-01
 0.97700003E+01 -0.80812761E+01  0.99778480E-01  0.91790016E+01  0.99778471E-01
 0.97800003E+01 -0.80900694E+01  0.99778479E-01  0.91877948E+01  0.99778471E-01
 0.97900003E+01 -0.80988626E+01  0.99778478E-01  0.91965880E+01  0.99778470E-01
 0.98000003E+01 -0.81076558E+01  0.99778477E-01  0.92053812E+01  0.99778469E-01
 0.98100003E+01 -0.81164490E+01  0.99778476E-01  0.92141745E+01  0.99778468E-01
 0.98200003E+01 -0.81252422E+01  0.99778475E-01  0.92229677E+01  0.99778467E-01
 0.98300003E+01 -0.81340355E+01  0.99778474E-01  0.92317609E+01  0.99778466E-01
 0.98400003E+01 -0.81428287E+01  0.99778473E-01  0.92405541E+01  0.99778465E-01
 0.98500003E+01 -0.81516219E+01  0.99778473E-01  0.92493473E+01  0.99778464E-01
 0.98600003E+01 -0.81604151E+01  0.99778472E-01  0.92581406E+01  0.99778463E-01
 0.98700003E+01 -0.81692084E+01  0.99778471E-01  0.92669338E+01  0.99778462E-01
 0.98800003E+01 -0.81780016E+01  0.99778470E-01  0.92757270E+01  0.99778461E-01
 0.98900003E+01 -0.81867948E+01  0.99778469E-01  0.92845202E+01  0.99778460E-01
 0.99000003E+01 -0.81955880E+01  0.99778468E-01  0.92933135E+01  0.99778459E-01
 0.99100003E+01 -0.82043813E+01  0.99778467E-01  0.93021067E+01  0.99778459E-01
 0.99200003E+01 -0.82131745E+01  0.99778466E-01  0.93108999E+01  0.99778458E-01
 0.99300003E+01 -0.82219677E+01  0.99778465E-01  0.93196931E+01  0.99778457E-01
 0.99400003E+01 -0.82307609E+01  0.99778464E-01  0.93284864E+01  0.99778456E-01
 0.99500003E+01 -0.82395542E+01  0.99778463E-01  0.93372796E+01  0.99778455E-01
 0.99600003E+01 -0.82483474E+01  0.99778462E-01  0.93460728E+01  0.99778454E-01
 0.99700003E+01 -0.82571406E+01  0.99778461E-01  0.93548661E+01  0.99778453E-01
 0.99800003E+01 -0.82659338E+01  0.99778461E-01  0.93636593E+01  0.99778452E-01
 0.99900003E+01 -0.82747271E+01  0.99778460E-01  0.93724525E+01  0.99778451E-01
 0.10000000E+02 -0.82835203E+01  0.99778459E-01  0.93812457E+01  0.99778450E-01
